,Temperature (Reaction Details) [C],Time (Reaction Details) [h],Solvent (Reaction Details),Catalyst,Reagent,Yield (numerical),Other Conditions,Number of Reaction Steps,Reaction: Links to Reaxys,References,Compound_ID,Type,Reagent/Catalyst
0,20,0.0833333,acetonitrile,None,gallium(III) triflate,100.0,None,1.0,https://www.reaxys.com/reaxys/secured/hopinto.do?context=R&query=RX.ID=720066&database=RX&origin=ReaxysOutput&ln=,"Article; Cai, Jing-Jing; Zou, Jian-Ping; Pan, Xiang-Qiang; Zhang, Wei; Tetrahedron Letters; vol. 49; 52; (2008); p. 7386 - 7390;",6,Other,gallium(III) triflate
1,110,0.166667,None,None,PEG-400,100.0,Neat (no solvent),1.0,https://www.reaxys.com/reaxys/secured/hopinto.do?context=R&query=RX.ID=720066&database=RX&origin=ReaxysOutput&ln=,"Article; Zhang, Xia Zhong; Wang, Jin Xian; Sun, Yong Jun; Zhan, Hong Wen; Chinese Chemical Letters; vol. 21; 4; (2010); p. 395 - 398;",6,Other,PEG-400
2,20,0.0833333,methanol,None,zirconium(IV) chloride,100.0,None,1.0,https://www.reaxys.com/reaxys/secured/hopinto.do?context=R&query=RX.ID=720066&database=RX&origin=ReaxysOutput&ln=,"Article; Aghapoor, Kioumars; Darabi, Hossein Reza; Mohsenzadeh, Farshid; Balavar, Yadollah; Daneshyar, Hesam; Transition Metal Chemistry; vol. 35; 1; (2010); p. 49 - 53;",6,Other,zirconium(IV) chloride
3,20,0.0666667,methanol,None,silica-supported stannous chloride,100.0,None,1.0,https://www.reaxys.com/reaxys/secured/hopinto.do?context=R&query=RX.ID=720066&database=RX&origin=ReaxysOutput&ln=,"Article; Darabi, Hossein Reza; Aghapoor, Kioumars; Mohsenzadeh, Farshid; Jalali, Mohammad Reza; Talebian, Shiva; Ebadi-Nia, Leila; Khatamifar, Ehsan; Aghaee, Ali; Bulletin of the Korean Chemical Society; vol. 32; 1; (2011); p. 213 - 218;",6,Other,silica-supported stannous chloride
4,25,0.0833333,methanol,None,vitamin B1,100.0,Sonication,1.0,https://www.reaxys.com/reaxys/secured/hopinto.do?context=R&query=RX.ID=720066&database=RX&origin=ReaxysOutput&ln=,"Article; Aghapoor, Kioumars; Mohsenzadeh, Farshid; Talebian, Shiva; Tehrani, Mohammad Jafar; Balavar, Yadollah; Khanalizadeh, Golriz; Darabi, Hossein Reza; Monatshefte fur Chemie; vol. 142; 6; (2011); p. 619 - 624;",6,Other,vitamin B1
5,None,0.5,water,None,zirconium oxide salicylaldehyde-(3-aminopropyl)trimethoxysilane imine complex modified SBA-15,100.0,Reflux,1.0,https://www.reaxys.com/reaxys/secured/hopinto.do?context=R&query=RX.ID=720066&database=RX&origin=ReaxysOutput&ln=,"Article; Malakooti, Reihaneh; Bardajee, Ghasem Rezanejade; Mahmoudi, Hesamaldin; Kakavand, Nahale; Catalysis Letters; vol. 143; 8; (2013); p. 853 - 861;",6,Other,zirconium oxide salicylaldehyde-(3-aminopropyl)trimethoxysilane imine complex modified SBA-15
6,80,0.0833333,neat (no solvent),None,zirconia supported tungstophosphoric acid,100.0,Green chemistry,1.0,https://www.reaxys.com/reaxys/secured/hopinto.do?context=R&query=RX.ID=720066&database=RX&origin=ReaxysOutput&ln=,"Article; Sosa, Alexis A.; Rivera, Toa S.; Blanco, Mirta N.; Pizzio, Luis R.; Romanelli, Gustavo P.; Phosphorus, Sulfur and Silicon and the Related Elements; vol. 188; 8; (2013); p. 1071 - 1079;",6,Other,zirconia supported tungstophosphoric acid
7,20,0.0833333,methanol,None,silica-supported bismuth(III) chloride,100.0,None,1.0,https://www.reaxys.com/reaxys/secured/hopinto.do?context=R&query=RX.ID=720066&database=RX&origin=ReaxysOutput&ln=,"Article; Aghapoor, Kioumars; Mohsenzadeh, Farshid; Shakeri, Atena; Darabi, Hossein Reza; Ghassemzadeh, Mitra; Neumueller, Bernhard; Journal of Organometallic Chemistry; vol. 743; (2013); p. 170 - 178;",6,Other,silica-supported bismuth(III) chloride
8,20,0.0833333,methanol; water,None,hydrogen fluoride,100.0,None,1.0,https://www.reaxys.com/reaxys/secured/hopinto.do?context=R&query=RX.ID=720066&database=RX&origin=ReaxysOutput&ln=,"Article; Lassagne, Frederic; Chevallier, Floris; Roisnel, Thierry; Dorcet, Vincent; Mongin, Florence; Domingo, Luis R.; Synthesis (Germany); vol. 47; 17; (2015); p. 2680 - 2689;",6,Other,hydrogen fluoride
9,20,0.25,methanol; water,None,ammonium fluoride-hydrogen fluoride,100.0,Cooling with ice,1.0,https://www.reaxys.com/reaxys/secured/hopinto.do?context=R&query=RX.ID=720066&database=RX&origin=ReaxysOutput&ln=,"Article; Lassagne, Frederic; Chevallier, Floris; Roisnel, Thierry; Dorcet, Vincent; Mongin, Florence; Domingo, Luis R.; Synthesis (Germany); vol. 47; 17; (2015); p. 2680 - 2689;",6,Other,ammonium fluoride-hydrogen fluoride
10,160,0.0833333,methanol; acetic acid,None,None,99.0,Irradiation,1.0,https://www.reaxys.com/reaxys/secured/hopinto.do?context=R&query=RX.ID=720066&database=RX&origin=ReaxysOutput&ln=,"Article; Zhao, Zhijian; Wisnoski, David D.; Wolkenberg, Scott E.; Leister, William H.; Wang, Yi; Lindsley, Craig W.; Tetrahedron Letters; vol. 45; 25; (2004); p. 4873 - 4876;",6,Other,None
11,20,0.25,ethanol,None,potassium hydrogensulfate,99.0,None,1.0,https://www.reaxys.com/reaxys/secured/hopinto.do?context=R&query=RX.ID=720066&database=RX&origin=ReaxysOutput&ln=,"Article; Oskooie, Hossein A.; Heravi, Majid M.; Bakhtiari, Khadijeh; Taheri, Shima; Monatshefte fur Chemie; vol. 138; 9; (2007); p. 875 - 877;",6,Other,potassium hydrogensulfate
12,70,0.316667,water,None,amberlyst-15,99.0,None,1.0,https://www.reaxys.com/reaxys/secured/hopinto.do?context=R&query=RX.ID=720066&database=RX&origin=ReaxysOutput&ln=,"Article; Liu, Ju-Yan; Liu, Jing; Wang, Jia-Di; Jiao, De-Quan; Liu, Hai-Wang; Synthetic Communications; vol. 40; 14; (2010); p. 2047 - 2056;",6,Other,amberlyst-15
13,20,0.0833333,ethanol,None,sulfated titania (TiO2-SO42-),99.0,None,1.0,https://www.reaxys.com/reaxys/secured/hopinto.do?context=R&query=RX.ID=720066&database=RX&origin=ReaxysOutput&ln=,Article; Krishnakumar; Velmurugan; Jothivel; Swaminathan; Catalysis Communications; vol. 11; 12; (2010); p. 997 - 1002;,6,Other,sulfated titania (TiO2-SO42-)
14,None,0.0166667,None,None,sulfated TiO2-P25 (Degussa titania),99.0,Microwave irradiation; Neat (no solvent),1.0,https://www.reaxys.com/reaxys/secured/hopinto.do?context=R&query=RX.ID=720066&database=RX&origin=ReaxysOutput&ln=,Article; Krishnakumar; Swaminathan; Journal of Molecular Catalysis A: Chemical; vol. 350; 1-2; (2011); p. 16 - 25;,6,Other,sulfated TiO2-P25 (Degussa titania)
15,25,0.25,"1,2-dichloro-ethane",None,titanium(IV) oxide,99.0,None,1.0,https://www.reaxys.com/reaxys/secured/hopinto.do?context=R&query=RX.ID=720066&database=RX&origin=ReaxysOutput&ln=,"Article; Alinezhad, Heshmatollah; Tajbakhsh, Mahmood; Salehian, Fatemeh; Biparva, Pourya; Bulletin of the Korean Chemical Society; vol. 32; 10; (2011); p. 3720 - 3725;",6,Other,titanium(IV) oxide
16,None,0.0166667,None,None,sulfate loaded TiO2,99.0,Microwave irradiation; Neat (no solvent),1.0,https://www.reaxys.com/reaxys/secured/hopinto.do?context=R&query=RX.ID=720066&database=RX&origin=ReaxysOutput&ln=,"Article; Krishnakumar, Balu; Swaminathan, Meenakshisundaram; Bulletin of the Chemical Society of Japan; vol. 84; 11; (2011); p. 1261 - 1266;",6,Other,sulfate loaded TiO2
17,20,0.0333333,chloroform,None,lanthanum(lll) triflate,99.0,None,1.0,https://www.reaxys.com/reaxys/secured/hopinto.do?context=R&query=RX.ID=720066&database=RX&origin=ReaxysOutput&ln=,"Article; Raju, B. China; Ramachandra; Indian Journal of Chemistry - Section B Organic and Medicinal Chemistry; vol. 51; 5; (2012); p. 756 - 759;",6,Other,lanthanum(lll) triflate
18,20,0.00416667,ethanol,None,silica supported 12-tungstophosphoric acid nanoparticles,99.0,None,1.0,https://www.reaxys.com/reaxys/secured/hopinto.do?context=R&query=RX.ID=720066&database=RX&origin=ReaxysOutput&ln=,"Article; Abdollahi-Alibeik, Mohammad; Heidari-Torkabad, Ezzat; Comptes Rendus Chimie; vol. 15; 6; (2012); p. 517 - 523;",6,Other,silica supported 12-tungstophosphoric acid nanoparticles
19,None,0.5,water,None,Cu(II)-Schiff base/SBA-15,99.0,Reflux,1.0,https://www.reaxys.com/reaxys/secured/hopinto.do?context=R&query=RX.ID=720066&database=RX&origin=ReaxysOutput&ln=,"Article; Bardajee, Ghasem Rezanejade; Malakooti, Reihaneh; Jami, Fereshteh; Parsaei, Zeinab; Atashin, Hassan; Catalysis Communications; vol. 27; (2012); p. 49 - 53;",6,Other,Cu(II)-Schiff base/SBA-15
20,120,0.666667,None,None,None,99.0,Green chemistry,1.0,https://www.reaxys.com/reaxys/secured/hopinto.do?context=R&query=RX.ID=720066&database=RX&origin=ReaxysOutput&ln=,"Article; Huang, Tie-Qiang; Qu, Wen-Yan; Ding, Jin-Chang; Liu, Miao-Chang; Wu, Hua-Yue; Chen, Jiu-Xi; Journal of Heterocyclic Chemistry; vol. 50; 2; (2013); p. 293 - 297;",6,Other,None
21,20,0.0833333,methanol,None,saccharin,99.0,None,1.0,https://www.reaxys.com/reaxys/secured/hopinto.do?context=R&query=RX.ID=720066&database=RX&origin=ReaxysOutput&ln=,"Article; Lassagne, Frederic; Chevallier, Floris; Mongin, Florence; Synthetic Communications; vol. 44; 1; (2014); p. 141 - 149;",6,Other,saccharin
22,None,0.5,water,None,SBA-15 mesoporous silica supported Fe(III)-Schiff base,99.0,Reflux,1.0,https://www.reaxys.com/reaxys/secured/hopinto.do?context=R&query=RX.ID=720066&database=RX&origin=ReaxysOutput&ln=,"Article; Malakooti, Reihaneh; Bardajee, Ghasem Rezanejade; Hadizadeh, Somayyeh; Atashin, Hassan; Khanjari, Hadiseh; Transition Metal Chemistry; vol. 39; 1; (2014); p. 47 - 54;",6,Other,SBA-15 mesoporous silica supported Fe(III)-Schiff base
23,80,1.25,neat (no solvent),None,Cs(cetyltrimethylammonium)2PW12O40,99.0,Green chemistry,1.0,https://www.reaxys.com/reaxys/secured/hopinto.do?context=R&query=RX.ID=720066&database=RX&origin=ReaxysOutput&ln=,"Article; Masteri-Farahani, Majid; Ghorbani, Melika; Ezabadi, Ali; Farrokhinia, Niki; Ghaemmaghami, Atekeh-Sadat; Comptes Rendus Chimie; vol. 17; 11; (2014); p. 1136 - 1143;",6,Other,Cs(cetyltrimethylammonium)2PW12O40
24,20,0.133333,neat (no solvent),None,None,99.0,Green chemistry,1.0,https://www.reaxys.com/reaxys/secured/hopinto.do?context=R&query=RX.ID=720066&database=RX&origin=ReaxysOutput&ln=,"Article; Bamoniri, Abdolhamid; Mirjalili, Bibi Fatemeh; Karbasizadeh, Hassan; Journal of the Chilean Chemical Society; vol. 60; 1; (2015); p. 2851 - 2856;",6,Other,None
25,100,0.0833333,neat (no solvent),None,10 wtpercent sulfated polyborate,99.0,None,1.0,https://www.reaxys.com/reaxys/secured/hopinto.do?context=R&query=RX.ID=720066&database=RX&origin=ReaxysOutput&ln=,"Article; Indalkar, Krishna S; Khatri, Chetan K; Chaturbhuj, Ganesh U; Journal of Chemical Sciences; vol. 129; 2; (2017); p. 141 - 148;",6,Other,10 wtpercent sulfated polyborate
26,25,12,neat (no solvent),None,None,99.0,Milling,1.0,https://www.reaxys.com/reaxys/secured/hopinto.do?context=R&query=RX.ID=720066&database=RX&origin=ReaxysOutput&ln=,"Article; Oliveira, Paulo F.M.; Haruta, Naoki; Chamayou, Alain; Guidetti, Brigitte; Baltas, Michel; Tanaka, Kazuyoshi; Sato, Tohru; Baron, Michel; Tetrahedron; vol. 73; 16; (2017); p. 2305 - 2310;",6,Other,None
27,25,0.05,acetonitrile,iodine,None,98.0,None,1.0,https://www.reaxys.com/reaxys/secured/hopinto.do?context=R&query=RX.ID=720066&database=RX&origin=ReaxysOutput&ln=,"Article; More, Shivaji V.; Sastry; Wang, Chieh-Chieh; Yao, Ching-Fa; Tetrahedron Letters; vol. 46; 37; (2005); p. 6345 - 6348;",6,Other,iodine
28,20,0.0833333,acetic acid,H6P2W18O62,None,98.0,None,1.0,https://www.reaxys.com/reaxys/secured/hopinto.do?context=R&query=RX.ID=720066&database=RX&origin=ReaxysOutput&ln=,"Article; Heravi, Majid M.; Bakhtiari, Khadijeh; Bamoharram, Fatemeh F.; Tehrani, Maryam H.; Monatshefte fur Chemie; vol. 138; 5; (2007); p. 465 - 467;",6,Other,H6P2W18O62
29,20,0.5,water,indium (III) chloride,None,98.0,None,1.0,https://www.reaxys.com/reaxys/secured/hopinto.do?context=R&query=RX.ID=720066&database=RX&origin=ReaxysOutput&ln=,"Article; Hazarika, Parasa; Gogoi, Pranjal; Konwar, Dilip; Synthetic Communications; vol. 37; 19; (2007); p. 3447 - 3454;",6,Other,indium (III) chloride
30,20,0.0833333,acetonitrile,None,ammonium bromide,98.0,None,1.0,https://www.reaxys.com/reaxys/secured/hopinto.do?context=R&query=RX.ID=720066&database=RX&origin=ReaxysOutput&ln=,"Article; Raju, B. China; Theja, N. Dharma; Kumar, J. Ashok; Synthetic Communications; vol. 39; 1; (2009); p. 175 - 188;",6,Other,ammonium bromide
31,20,0.0833333,ethanol; water,None,TiO2-P25-SO42-,98.0,None,1.0,https://www.reaxys.com/reaxys/secured/hopinto.do?context=R&query=RX.ID=720066&database=RX&origin=ReaxysOutput&ln=,Article; Krishnakumar; Swaminathan; Journal of Organometallic Chemistry; vol. 695; 24; (2010); p. 2572 - 2577;,6,Other,TiO2-P25-SO42-
32,20,0.166667,None,None,aluminum oxide,98.0,neat (no solvent),1.0,https://www.reaxys.com/reaxys/secured/hopinto.do?context=R&query=RX.ID=720066&database=RX&origin=ReaxysOutput&ln=,"Article; Li, Jun; Jiang, Dan-Na; Chen, Jiu-Xi; Liu, Miao-Chang; Ding, Jin-Chang; Wu, Hua-Yue; Journal of Heterocyclic Chemistry; vol. 48; 2; (2011); p. 403 - 406;",6,Other,aluminum oxide
33,20,0.133333,ethanol,None,ZnO-beta-zeolite,98.0,None,1.0,https://www.reaxys.com/reaxys/secured/hopinto.do?context=R&query=RX.ID=720066&database=RX&origin=ReaxysOutput&ln=,"Article; Katkar, Santosh S.; Mohite, Pravinkumar H.; Gadekar, Lakshman S.; Arbad, Balasaheb R.; Lande, Machhindra K.; Central European Journal of Chemistry; vol. 8; 2; (2010); p. 320 - 325;",6,Other,ZnO-beta-zeolite
34,20,0.0666667,chloroform,None,nano-BF3*SiO2,98.0,Sonication,1.0,https://www.reaxys.com/reaxys/secured/hopinto.do?context=R&query=RX.ID=720066&database=RX&origin=ReaxysOutput&ln=,Article; Mirjalili; Bamoniri; Akbari; Chemistry of Heterocyclic Compounds; vol. 47; 4; (2011); p. 487 - 491;,6,Other,nano-BF3*SiO2
35,20,0.05,water,None,poly(ethylene glycol)-600,98.0,None,1.0,https://www.reaxys.com/reaxys/secured/hopinto.do?context=R&query=RX.ID=720066&database=RX&origin=ReaxysOutput&ln=,"Article; Chavan, Hemant V.; Adsul, Laxman K.; Bandgar, Babasaheb P.; Journal of Chemical Sciences; vol. 123; 4; (2011); p. 477 - 483;",6,Other,poly(ethylene glycol)-600
36,90,12,toluene,None,oxygen; triethylamine,98.0,None,1.0,https://www.reaxys.com/reaxys/secured/hopinto.do?context=R&query=RX.ID=720066&database=RX&origin=ReaxysOutput&ln=,"Article; Zhang, Chun; Xu, Zejun; Zhang, Liangren; Jiao, Ning; Tetrahedron; vol. 68; 26; (2012); p. 5258 - 5262;",6,Other,oxygen; triethylamine
37,80,0.05,neat (no solvent),None,"N,N,N?,N?-tetrabromobenzene-1,3-disulfonamide",98.0,None,1.0,https://www.reaxys.com/reaxys/secured/hopinto.do?context=R&query=RX.ID=720066&database=RX&origin=ReaxysOutput&ln=,"Article; Ghorbani-Vaghei, Ramin; Hajinazari, Somaye; Journal of Chemical Sciences; vol. 125; 2; (2013); p. 353 - 358;",6,Other,"N,N,N?,N?-tetrabromobenzene-1,3-disulfonamide"
38,20,0.0833333,water,None,Tween 40,98.0,Green chemistry,1.0,https://www.reaxys.com/reaxys/secured/hopinto.do?context=R&query=RX.ID=720066&database=RX&origin=ReaxysOutput&ln=,"Article; Kumar, Dinesh; Seth, Kapileswar; Kommi, Damodara N.; Bhagat, Srikant; Chakraborti, Asit K.; RSC Advances; vol. 3; 35; (2013); p. 15157 - 15168;",6,Other,Tween 40
39,20,1,water,None,hydrogen fluoride,98.0,None,1.0,https://www.reaxys.com/reaxys/secured/hopinto.do?context=R&query=RX.ID=720066&database=RX&origin=ReaxysOutput&ln=,Article; Chandra Shekhar; Ravi Kumar; Sathaiah; Raju; Srinivas; Shanthan Rao; Narsaiah; Journal of Heterocyclic Chemistry; vol. 51; 5; (2015); p. 1504 - 1508;,6,Other,hydrogen fluoride
40,100,0.166667,neat (no solvent),None,mesoporous silica SBA-15 functionalized with Cu(II)-DiAmSar complex,98.0,None,1.0,https://www.reaxys.com/reaxys/secured/hopinto.do?context=R&query=RX.ID=720066&database=RX&origin=ReaxysOutput&ln=,"Article; Mohammadi, Marzieh; Bardajee, Ghasem Rezanejade; Pesyan, Nader Noroozi; Chinese Journal of Catalysis; vol. 36; 8; (2015); p. 1379 - 1386;",6,Other,mesoporous silica SBA-15 functionalized with Cu(II)-DiAmSar complex
41,25,0.166667,water,None,propylsulfonic acid functionalized nanozeolite clinoptilolite,98.0,None,1.0,https://www.reaxys.com/reaxys/secured/hopinto.do?context=R&query=RX.ID=720066&database=RX&origin=ReaxysOutput&ln=,"Article; Baghbanian, Seyed Meysam; Chinese Chemical Letters; vol. 26; 9; (2015); p. 1113 - 1116;",6,Other,propylsulfonic acid functionalized nanozeolite clinoptilolite
42,20,0.0833333,water,None,1-methyl-3-(3-trimethoxysilylpropyl)imidazolium hydrogen sulfate immobilized on cellulose,98.0,Green chemistry,1.0,https://www.reaxys.com/reaxys/secured/hopinto.do?context=R&query=RX.ID=720066&database=RX&origin=ReaxysOutput&ln=,"Article; Moghaddam, Sevil Vaghefi; Valizadeh, Hassan; Journal of the Iranian Chemical Society; vol. 13; 8; (2016); p. 1517 - 1524;",6,Other,1-methyl-3-(3-trimethoxysilylpropyl)imidazolium hydrogen sulfate immobilized on cellulose
43,20,5,ethyl acetate,None,"2,4,6-tripropyl-1,3,5,2,4,6-trioxatriphosphinane-2,4,6-trioxide",98.0,None,1.0,https://www.reaxys.com/reaxys/secured/hopinto.do?context=R&query=RX.ID=720066&database=RX&origin=ReaxysOutput&ln=,"Article; Harsha, Kachigere B.; Rangappa, Kanchugarkoppal S.; RSC Advances; vol. 6; 62; (2016); p. 57154 - 57162;",6,Other,"2,4,6-tripropyl-1,3,5,2,4,6-trioxatriphosphinane-2,4,6-trioxide"
44,20,0.166667,methanol,None,ZnO-loaded mesoporous silica (KIT-6) (aged at 130 C and containing 10 wt% ZnO),98.0,None,1.0,https://www.reaxys.com/reaxys/secured/hopinto.do?context=R&query=RX.ID=720066&database=RX&origin=ReaxysOutput&ln=,"Article; Hamid, Oveisi; Chari, M. Adharvana; Van Nguyen, Chi; Chen, Jeffrey E.; Alshehri, Saad M.; Yanmaz, Ekrem; Hossain, Shahriar A.; Yamauchi, Yusuke; Wu, Kevin C.-W.; Catalysis Communications; vol. 90; (2017); p. 111 - 115;",6,Other,ZnO-loaded mesoporous silica (KIT-6) (aged at 130 C and containing 10 wt% ZnO)
45,20,0.0833333,None,None,sulfonated rice husk ash,98.0,Green chemistry,1.0,https://www.reaxys.com/reaxys/secured/hopinto.do?context=R&query=RX.ID=720066&database=RX&origin=ReaxysOutput&ln=,"Article; Shamsi-Sani, Mahnaz; Shirini, Farhad; Abedini, Masoumeh; Seddighi, Mohadeseh; Research on Chemical Intermediates; vol. 42; 2; (2016); p. 1091 - 1099;",6,Other,sulfonated rice husk ash
46,20,0.0833333,ethanol,None,perlite supported bismuth chloride,98.2,None,1.0,https://www.reaxys.com/reaxys/secured/hopinto.do?context=R&query=RX.ID=720066&database=RX&origin=ReaxysOutput&ln=,"Article; Brindha, Kannan; Amutha, Parasuraman; Krishnakumar, Balu; do Nascimento Sobral, Abilio Jose Fraga; Research on Chemical Intermediates; (2019);",6,Other,perlite supported bismuth chloride
47,20,0.0833333,water,None,bismuth(lll) trifluoromethanesulfonate,97.0,None,1.0,https://www.reaxys.com/reaxys/secured/hopinto.do?context=R&query=RX.ID=720066&database=RX&origin=ReaxysOutput&ln=,"Article; Yadav, Jhillu S.; Subba Reddy, Basi V.; Premalatha, Kokku; Shankar, Kattela Shiva; Synthesis; 23; (2008); p. 3787 - 3792;",6,Other,bismuth(lll) trifluoromethanesulfonate
48,20,0.333333,ethanol,None,aluminum(III) hydrogen sulfate,97.0,None,1.0,https://www.reaxys.com/reaxys/secured/hopinto.do?context=R&query=RX.ID=720066&database=RX&origin=ReaxysOutput&ln=,"Article; Niknam, Khodabakhsh; Zolfigol, Mohammad Ali; Tavakoli, Ziba; Heydari, Zahra; Journal of the Chinese Chemical Society; vol. 55; 6; (2008); p. 1373 - 1378;",6,Other,aluminum(III) hydrogen sulfate
49,None,0.166667,acetonitrile,None,Fe/Al-MCM-41,97.0,Reflux,1.0,https://www.reaxys.com/reaxys/secured/hopinto.do?context=R&query=RX.ID=720066&database=RX&origin=ReaxysOutput&ln=,"Article; Heravi, Majid M.; Hosseini, Mariam; Oskooie, Hossein A.; Baghernejad, Bita; Journal of the Korean Chemical Society; vol. 55; 2; (2011); p. 235 - 239;",6,Other,Fe/Al-MCM-41
50,25,0.0333333,ethanol,None,ziconium(IV) oxychloride octahydrate,97.0,None,1.0,https://www.reaxys.com/reaxys/secured/hopinto.do?context=R&query=RX.ID=720066&database=RX&origin=ReaxysOutput&ln=,"Article; Jafarpour, Maasoumeh; Rezaeifard, Abdolreza; Heidari, Mahdieh; Letters in Organic Chemistry; vol. 8; 3; (2011); p. 202 - 209;",6,Other,ziconium(IV) oxychloride octahydrate
51,20,0.166667,acetonitrile,None,niobium pentachloride,97.0,None,1.0,https://www.reaxys.com/reaxys/secured/hopinto.do?context=R&query=RX.ID=720066&database=RX&origin=ReaxysOutput&ln=,"Article; Kidwai, Mazaahir; Mishra, Neeraj Kumar; Bhatnagar, Divya; Jahan, Anwar; Asian Journal of Chemistry; vol. 23; 11; (2011); p. 5051 - 5054;",6,Other,niobium pentachloride
52,100,1,water,None,ziconium(IV) oxychloride octahydrate,97.0,Green chemistry,1.0,https://www.reaxys.com/reaxys/secured/hopinto.do?context=R&query=RX.ID=720066&database=RX&origin=ReaxysOutput&ln=,"Article; Bardajee, Ghasem Rezanejade; Comptes Rendus Chimie; vol. 16; 10; (2013); p. 872 - 877;",6,Other,ziconium(IV) oxychloride octahydrate
53,30,1,ethanol,None,alumina supported sulfuric acid,97.0,None,1.0,https://www.reaxys.com/reaxys/secured/hopinto.do?context=R&query=RX.ID=720066&database=RX&origin=ReaxysOutput&ln=,"Article; Pramanik, Amit; Roy, Rimi; Khan, Sagar; Ghatak, Avishek; Bhar, Sanjay; Tetrahedron Letters; vol. 55; 10; (2014); p. 1771 - 1777;",6,Other,alumina supported sulfuric acid
54,20,0.0833333,ethanol; water,None,nitrilo-tris(methylenephosphonic acid),97.0,Green chemistry,1.0,https://www.reaxys.com/reaxys/secured/hopinto.do?context=R&query=RX.ID=720066&database=RX&origin=ReaxysOutput&ln=,"Article; Fathi, Safoura; Sardarian, Ali Reza; Phosphorus, Sulfur and Silicon and the Related Elements; vol. 190; 9; (2015); p. 1471 - 1478;",6,Other,nitrilo-tris(methylenephosphonic acid)
55,20,0.166667,ethanol,None,H3PMo12O40 nanoparticles immobilized on imidazole functionalized core-shell Fe3O4-SiO2 nanoparticle,97.0,Green chemistry,1.0,https://www.reaxys.com/reaxys/secured/hopinto.do?context=R&query=RX.ID=720066&database=RX&origin=ReaxysOutput&ln=,"Article; Javidi, Jaber; Esmaeilpour, Mohsen; Materials Research Bulletin; vol. 73; (2016); p. 409 - 422;",6,Other,H3PMo12O40 nanoparticles immobilized on imidazole functionalized core-shell Fe3O4-SiO2 nanoparticle
56, 60, 0.0333333,ethanol; ethanol,None,ZrOL2(at)SMNP,97.0,None,1.0,https://www.reaxys.com/reaxys/secured/hopinto.do?context=R&query=RX.ID=720066&database=RX&origin=ReaxysOutput&ln=,"Article; Jafarpour, Maasoumeh; Rezaeifard, Abdolreza; Transition Metal Chemistry; vol. 41; 2; (2016); p. 205 - 211;",6,Other,ZrOL2(at)SMNP
57,20,1,ethanol,None,polyvinylimidazole-based Bronsted acidic ionic liquid grafted silica,97.0,None,1.0,https://www.reaxys.com/reaxys/secured/hopinto.do?context=R&query=RX.ID=720066&database=RX&origin=ReaxysOutput&ln=,"Article; Tamami, Bahman; Sardarian, Alireza; Ataollahi, Elaheh; Turkish Journal of Chemistry; vol. 40; 3; (2016); p. 422 - 433;",6,Other,polyvinylimidazole-based Bronsted acidic ionic liquid grafted silica
58,20,0.333333,None,None,1-butylimidazolium tetrafluoroborate,96.0,None,1.0,https://www.reaxys.com/reaxys/secured/hopinto.do?context=R&query=RX.ID=720066&database=RX&origin=ReaxysOutput&ln=,"Article; Potewar, Taterao M.; Ingale, Sachin A.; Srinivasan, Kumar V.; Synthetic Communications; vol. 38; 21; (2008); p. 3601 - 3612;",6,Other,1-butylimidazolium tetrafluoroborate
59,100,0.0666667,None,None,None,96.0,Microwave irradiation,1.0,https://www.reaxys.com/reaxys/secured/hopinto.do?context=R&query=RX.ID=720066&database=RX&origin=ReaxysOutput&ln=,"Article; Zhou, Jian-Feng; Gong, Gui-Xia; Zhi, San-Jun; Duan, Xiu-Li; Synthetic Communications; vol. 39; 20; (2009); p. 3743 - 3754;",6,Other,None
60,120,0.05,None,None,polyethylene glycol-400,96.0,Microwave irradiation,1.0,https://www.reaxys.com/reaxys/secured/hopinto.do?context=R&query=RX.ID=720066&database=RX&origin=ReaxysOutput&ln=,"Article; Zhang, Xia-Zhong; Wang, Jin-Xian; Bai, Lin; Synthetic Communications; vol. 41; 14; (2011); p. 2053 - 2063;",6,Other,polyethylene glycol-400
61,80,0.0333333,None,None,aluminum oxide,96.0,Neat (no solvent),1.0,https://www.reaxys.com/reaxys/secured/hopinto.do?context=R&query=RX.ID=720066&database=RX&origin=ReaxysOutput&ln=,"Article; Jafarpour, Maasoumeh; Rezaeifard, Abdolreza; Danehchin, Maryam; Applied Catalysis A: General; vol. 394; 1-2; (2011); p. 48 - 51;",6,Other,aluminum oxide
62,20,0.116667,water,None,sodium tosylate; toluene-4-sulfonic acid,96.0,None,1.0,https://www.reaxys.com/reaxys/secured/hopinto.do?context=R&query=RX.ID=720066&database=RX&origin=ReaxysOutput&ln=,"Article; Kumbhar, Arjun; Kamble, Santosh; Barge, Madhuri; Rashinkar, Gajanan; Salunkhe, Rajashri; Tetrahedron Letters; vol. 53; 22; (2012); p. 2756 - 2760;",6,Other,sodium tosylate; toluene-4-sulfonic acid
63,20,0.15,ethanol,None,polyaniline/SiO2,96.0,None,1.0,https://www.reaxys.com/reaxys/secured/hopinto.do?context=R&query=RX.ID=720066&database=RX&origin=ReaxysOutput&ln=,"Article; Yelwande, Ajeet A.; Navgire, Madhukar E.; Arbad, Balasaheb R.; Lande, MacHhindra K.; Journal of the Chinese Chemical Society; vol. 59; 8; (2012); p. 995 - 1000;",6,Other,polyaniline/SiO2
64,None,0.166667,ethanol,None,Polystyrene-Supported AlCl3,96.0,Reflux,1.0,https://www.reaxys.com/reaxys/secured/hopinto.do?context=R&query=RX.ID=720066&database=RX&origin=ReaxysOutput&ln=,"Article; Rahmatpour, Ali; Heteroatom Chemistry; vol. 23; 5; (2012); p. 472 - 477;",6,Other,Polystyrene-Supported AlCl3
65,20,0.166667,ethanol; water,None,zirconium triflate,96.0,Green chemistry,1.0,https://www.reaxys.com/reaxys/secured/hopinto.do?context=R&query=RX.ID=720066&database=RX&origin=ReaxysOutput&ln=,"Article; Kolvari, Eskandar; Zolfigol, Mohammad Ali; Koukabi, Nadiya; Gilandust, Maryam; Kordi, Abdol-Vahid; Journal of the Iranian Chemical Society; vol. 10; 6; (2013); p. 1183 - 1191;",6,Other,zirconium triflate
66,20,0.0333333,methanol,None,VO(furan-2-carbaldehyde nicotinic hydrazone)(OCH3),96.0,None,1.0,https://www.reaxys.com/reaxys/secured/hopinto.do?context=R&query=RX.ID=720066&database=RX&origin=ReaxysOutput&ln=,"Article; Pandey, Manju; Sunaja Devi; Sreeja; Asian Journal of Chemistry; vol. 27; 11; (2015); p. 4135 - 4137;",6,Other,VO(furan-2-carbaldehyde nicotinic hydrazone)(OCH3)
67,20,0.333333,ethanol,None,oxovanadium(IV) sulfate,96.0,Green chemistry,1.0,https://www.reaxys.com/reaxys/secured/hopinto.do?context=R&query=RX.ID=720066&database=RX&origin=ReaxysOutput&ln=,"Article; Digwal, Chander Singh; Yadav, Upasana; Sakla, Akash P.; Sri Ramya; Aaghaz, Shams; Kamal, Ahmed; Tetrahedron Letters; vol. 57; 36; (2016); p. 4012 - 4016;",6,Other,oxovanadium(IV) sulfate
68,20,0.583333,dimethyl sulfoxide,iodine,None,95.0,None,1.0,https://www.reaxys.com/reaxys/secured/hopinto.do?context=R&query=RX.ID=720066&database=RX&origin=ReaxysOutput&ln=,"Article; Bhosale, Rajesh S.; Sarda, Swapnil R.; Ardhapure, Suresh S.; Jadhav, Wamanrao N.; Bhusare, Sudhakar R.; Pawar, Rajendra P.; Tetrahedron Letters; vol. 46; 42; (2005); p. 7183 - 7186;",6,Other,iodine
69,20,0.166667,water,None,1-methyl-3-(4-sulfobutyl)-1H-imidazol-3-ium hydrogensulfate,95.0,None,1.0,https://www.reaxys.com/reaxys/secured/hopinto.do?context=R&query=RX.ID=720066&database=RX&origin=ReaxysOutput&ln=,"Article; Beheshtiha, Yahya S.; Heravi, Majid M.; Saeedi, Mina; Karimi, Narges; Zakeri, Masumeh; Tavakoli-Hossieni, Niloofar; Synthetic Communications; vol. 40; 8; (2010); p. 1216 - 1223;",6,Other,1-methyl-3-(4-sulfobutyl)-1H-imidazol-3-ium hydrogensulfate
70,20,0.0333333,ethanol,None,niobium pentachloride,95.0,None,1.0,https://www.reaxys.com/reaxys/secured/hopinto.do?context=R&query=RX.ID=720066&database=RX&origin=ReaxysOutput&ln=,"Article; Hou, Jun-Tao; Liu, Yong-Hui; Zhang, Zhan-Hui; Journal of Heterocyclic Chemistry; vol. 47; 3; (2010); p. 703 - 706;",6,Other,niobium pentachloride
71,50,0.0416667,ethanol; water,None,iodine,95.0,Microwave irradiation,1.0,https://www.reaxys.com/reaxys/secured/hopinto.do?context=R&query=RX.ID=720066&database=RX&origin=ReaxysOutput&ln=,"Article; Bandyopadhyay, Debasish; Mukherjee, Sanghamitra; Rodriguez, Robert R.; Banik, Bimal K.; Molecules; vol. 15; 6; (2010); p. 4207 - 4212;",6,Other,iodine
72,20,2.5,water,None,"iron(II,III) oxide",95.0,None,1.0,https://www.reaxys.com/reaxys/secured/hopinto.do?context=R&query=RX.ID=720066&database=RX&origin=ReaxysOutput&ln=,"Conference Paper; Lue, Hong-Yan; Yang, Shu-Hong; Deng, Jia; Zhang, Zhan-Hui; Australian Journal of Chemistry; vol. 63; 8; (2010); p. 1290 - 1296;",6,Other,"iron(II,III) oxide"
73,130,0.5,None,None,None,95.0,Ionic liquid; Microwave irradiation,1.0,https://www.reaxys.com/reaxys/secured/hopinto.do?context=R&query=RX.ID=720066&database=RX&origin=ReaxysOutput&ln=,"Article; Zare, Abdolkarim; Hasaninejad, Alireza; Parhami, Abolfath; Moosavi-Zare, Ahmad Reza; Khedri, Fatemeh; Parsaee, Zahra; Abdolalipoor-Saretoli, Maasoomeh; Khedri, Maasoomeh; Roshankar, Mehrnoosh; Deisi, Hanafieh; Journal of the Serbian Chemical Society; vol. 75; 10; (2010); p. 1315 - 1324;",6,Other,None
74,75,4,glycerol,None,cerium(III) chloride heptahydrate,95.0,None,1.0,https://www.reaxys.com/reaxys/secured/hopinto.do?context=R&query=RX.ID=720066&database=RX&origin=ReaxysOutput&ln=,Article; Venkat Narsaiah; Kranthi Kumar; Synthetic Communications; vol. 42; 6; (2012); p. 883 - 892;,6,Other,cerium(III) chloride heptahydrate
75,20,1,None,None,"1,1,1,3',3',3'-hexafluoro-propanol",95.0,None,1.0,https://www.reaxys.com/reaxys/secured/hopinto.do?context=R&query=RX.ID=720066&database=RX&origin=ReaxysOutput&ln=,"Article; Khaksar, Samad; Rostamnezhad, Fariba; Bulletin of the Korean Chemical Society; vol. 33; 8; (2012); p. 2581 - 2584;",6,Other,"1,1,1,3',3',3'-hexafluoro-propanol"
76,None,None,None,None,iodine,95.0,None,1.0,https://www.reaxys.com/reaxys/secured/hopinto.do?context=R&query=RX.ID=720066&database=RX&origin=ReaxysOutput&ln=,"Article; Mamedov, Vakhid A.; Zhukova, Nataliya A.; Syakaev, Victor V.; Gubaidullin, Aidar T.; Beschastnova, Tat'Yana N.; Adgamova, Dil'Bar I.; Samigullina, Aida I.; Latypov, Shamil K.; Tetrahedron; vol. 69; 4; (2013); p. 1403 - 1416;",6,Other,iodine
77,60,0.05,ethanol,None,molybdenum(VI) trioxide,95.0,Green chemistry,1.0,https://www.reaxys.com/reaxys/secured/hopinto.do?context=R&query=RX.ID=720066&database=RX&origin=ReaxysOutput&ln=,"Article; Jafarpour, Maasoumeh; Rezaeifard, Abdolreza; Ghahramaninezhad, Mahboube; Tabibi, Tooba; New Journal of Chemistry; vol. 37; 7; (2013); p. 2087 - 2095;",6,Other,molybdenum(VI) trioxide
78, 60, 0.0333333,ethanol; ethanol,None,zirconium dioxide,95.0,None,1.0,https://www.reaxys.com/reaxys/secured/hopinto.do?context=R&query=RX.ID=720066&database=RX&origin=ReaxysOutput&ln=,"Article; Jafarpour, Maasoumeh; Rezapour, Elham; Ghahramaninezhad, Mahboobe; Rezaeifard, Abdolreza; New Journal of Chemistry; vol. 38; 2; (2014); p. 676 - 682;",6,Other,zirconium dioxide
79,20,0.0166667,ethanol,None,C20H24Cl2N2O2Zr,95.0,Green chemistry,1.0,https://www.reaxys.com/reaxys/secured/hopinto.do?context=R&query=RX.ID=720066&database=RX&origin=ReaxysOutput&ln=,"Article; Jafarpour, Maasoumeh; Rezaeifard, Abdolreza; Haddad, Reza; Gazkar, Somayeh; Transition Metal Chemistry; vol. 38; 1; (2013); p. 31 - 36;",6,Other,C20H24Cl2N2O2Zr
80,20,1,water,None,"(2,3,4,5,6-pentafluorophenyl)ammonium triflate",95.0,Inert atmosphere; Green chemistry,1.0,https://www.reaxys.com/reaxys/secured/hopinto.do?context=R&query=RX.ID=720066&database=RX&origin=ReaxysOutput&ln=,"Article; Khaksar, Samad; Radpeyma, Hanieh; Comptes Rendus Chimie; vol. 17; 10; (2014); p. 1023 - 1027;",6,Other,"(2,3,4,5,6-pentafluorophenyl)ammonium triflate"
81,None,12,ethanol,None,None,95.0,Reflux; Inert atmosphere,1.0,https://www.reaxys.com/reaxys/secured/hopinto.do?context=R&query=RX.ID=720066&database=RX&origin=ReaxysOutput&ln=,"Article; Wang, Chengzhe; Lystrom, Levi; Yin, Huimin; Hetu, Marc; Kilina, Svetlana; McFarland, Sherri A.; Sun, Wenfang; Dalton Transactions; vol. 45; 41; (2016); p. 16366 - 16378;",6,Other,None
82,20,0.283333,ethanol,None,manganese(ll) chloride,94.0,None,1.0,https://www.reaxys.com/reaxys/secured/hopinto.do?context=R&query=RX.ID=720066&database=RX&origin=ReaxysOutput&ln=,"Article; Heravi, Majid M.; Bakhtiari, Khadijeh; Oskooie, Hossein A.; Taheri, Shima; Heteroatom Chemistry; vol. 19; 2; (2008); p. 218 - 220;",6,Other,manganese(ll) chloride
83,None,0.25,ethanol; water,None,tin (IV) chloride pentahydrate,94.0,Reflux,1.0,https://www.reaxys.com/reaxys/secured/hopinto.do?context=R&query=RX.ID=720066&database=RX&origin=ReaxysOutput&ln=,"Article; Shi, Da-Qing; Dou, Guo-Lan; Ni, Sai-Nan; Shi, Jing-Wen; Li, Xiao-Yue; Journal of Heterocyclic Chemistry; vol. 45; 6; (2008); p. 1797 - 1801;",6,Other,tin (IV) chloride pentahydrate
84,20,0.5,water,None,zirconium tetrakis(dodecyl sulfate),94.0,None,1.0,https://www.reaxys.com/reaxys/secured/hopinto.do?context=R&query=RX.ID=720066&database=RX&origin=ReaxysOutput&ln=,"Article; Hasaninejad, Alireza; Zare, Abdolkarim; Zolfigol, Mohammad Ali; Shekouhy, Mohsen; Synthetic Communications; vol. 39; 4; (2009); p. 569 - 579;",6,Other,zirconium tetrakis(dodecyl sulfate)
85,100,2,None,None,silica gel,94.0,Neat (no solvent),1.0,https://www.reaxys.com/reaxys/secured/hopinto.do?context=R&query=RX.ID=720066&database=RX&origin=ReaxysOutput&ln=,"Article; Nandi, Ganesh Chandra; Samai, Subhasis; Kumar, Ram; Singh; Synthetic Communications; vol. 41; 3; (2011); p. 417 - 425;",6,Other,silica gel
86,85,4,acetonitrile,None,niobium pentachloride,94.0,None,1.0,https://www.reaxys.com/reaxys/secured/hopinto.do?context=R&query=RX.ID=720066&database=RX&origin=ReaxysOutput&ln=,Article; Venkateswarlu; Leelavathi; Letters in Organic Chemistry; vol. 7; 3; (2010); p. 208 - 211;,6,Other,niobium pentachloride
87,20,0.0166667,ethanol,None,citric acid,94.0,None,1.0,https://www.reaxys.com/reaxys/secured/hopinto.do?context=R&query=RX.ID=720066&database=RX&origin=ReaxysOutput&ln=,"Article; Mahesh, Radhakrishnan; Dhar, Arghya Kusum; Sasank T.v.n.v., Tara; Thirunavukkarasu, Sappanimuthu; Devadoss, Thangaraj; Chinese Chemical Letters; vol. 22; 4; (2011); p. 389 - 392;",6,Other,citric acid
88,20,0.25,None,None,titanium(IV) oxide,94.0,None,1.0,https://www.reaxys.com/reaxys/secured/hopinto.do?context=R&query=RX.ID=720066&database=RX&origin=ReaxysOutput&ln=,"Article; Mirjalili, Bi Bi Fatemeh; Akbari, Ali; Chinese Chemical Letters; vol. 22; 6; (2011); p. 753 - 756;",6,Other,titanium(IV) oxide
89,50,0.25,water; acetonitrile,None,rice husk,94.0,Green chemistry,1.0,https://www.reaxys.com/reaxys/secured/hopinto.do?context=R&query=RX.ID=720066&database=RX&origin=ReaxysOutput&ln=,"Article; Shirini, Farhad; Akbari-Dadamahaleh, Somayeh; Mohammad-Khah, Ali; Aliakbar, Ali-Reza; Comptes Rendus Chimie; vol. 16; 3; (2013); p. 207 - 216;",6,Other,rice husk
90,20,0.333333,water,None,1-(propyl-3-sulfonate) 3-methylimidazol(3H)-1-ium phosphotungstate,94.0,None,1.0,https://www.reaxys.com/reaxys/secured/hopinto.do?context=R&query=RX.ID=720066&database=RX&origin=ReaxysOutput&ln=,"Article; Vahdat, Seyed Mohammad; Baghery, Saeed; Combinatorial Chemistry and High Throughput Screening; vol. 16; 8; (2013); p. 618 - 627;",6,Other,1-(propyl-3-sulfonate) 3-methylimidazol(3H)-1-ium phosphotungstate
91,20,0.75,neat (no solvent),None,Bronsted acidic ionic liquid supported on nano silica,94.0,Green chemistry,1.0,https://www.reaxys.com/reaxys/secured/hopinto.do?context=R&query=RX.ID=720066&database=RX&origin=ReaxysOutput&ln=,"Article; Daragahi, Seyed Arash Hosseini; Mohebat, Razieh; Mosslemin, Mohammad Hossein; Organic Preparations and Procedures International; vol. 50; 3; (2018); p. 301 - 313;",6,Other,Bronsted acidic ionic liquid supported on nano silica
92,90,10,chlorobenzene,None,None,94.0,None,1.0,https://www.reaxys.com/reaxys/secured/hopinto.do?context=R&query=RX.ID=720066&database=RX&origin=ReaxysOutput&ln=,"Article; Dubovtsev, Alexey Yu.; Dar'in, Dmitry V.; Krasavin, Mikhail; Kukushkin, Vadim Yu.; European Journal of Organic Chemistry; vol. 2019; 8; (2019); p. 1856 - 1864;",6,Other,None
93,30,1,None,None,1-n-butyl-3-methylimidazolium methanesulfonate,93.0,None,1.0,https://www.reaxys.com/reaxys/secured/hopinto.do?context=R&query=RX.ID=720066&database=RX&origin=ReaxysOutput&ln=,"Conference Paper; Ignat'ev, Nikolai V.; Schulte, Michael; Koppe, Karsten; Barthen, Peter; Zlotin, Sergei G.; Makhova, Nina N.; Sheremetev, Aleksei B.; Valente, Anabela A.; Phosphorus, Sulfur and Silicon and the Related Elements; vol. 186; 5; (2011); p. 1205 - 1216;",6,Other,1-n-butyl-3-methylimidazolium methanesulfonate
94,20,0.416667,None,None,1-butyl-3-methylimidazolium Tetrafluoroborate,93.0,Neat (no solvent),1.0,https://www.reaxys.com/reaxys/secured/hopinto.do?context=R&query=RX.ID=720066&database=RX&origin=ReaxysOutput&ln=,"Article; Li, Chao; Guo, Tao; Zhou, Xin; Wang, Chun; Ma, Jing-Jun; Hao, Hong-Jing; Bulletin of the Chemical Society of Ethiopia; vol. 25; 3; (2011); p. 455 - 460;",6,Other,1-butyl-3-methylimidazolium Tetrafluoroborate
95,90,0.05,glycerol,None,None,93.0,Microwave irradiation; Green chemistry,1.0,https://www.reaxys.com/reaxys/secured/hopinto.do?context=R&query=RX.ID=720066&database=RX&origin=ReaxysOutput&ln=,"Article; Zhou; Zhang; Sun; Wang; Wang; Bai; Russian Chemical Bulletin; vol. 62; 5; (2013); p. 1244 - 1247; Izv. Akad. Nauk, Ser. Khim.; vol. 5; (2013); p. 1244 - 1247;",6,Other,None
96,45,0.2,methanol,None,alkylsulfonate functionalized metal organic framework,93.0,Sonication,1.0,https://www.reaxys.com/reaxys/secured/hopinto.do?context=R&query=RX.ID=720066&database=RX&origin=ReaxysOutput&ln=,"Article; Andriamitantsoa, Radoelizo S.; Wang, Jingjing; Dong, Wenjun; Gao, Hongyi; Wang, Ge; RSC Advances; vol. 6; 41; (2016); p. 35135 - 35143;",6,Other,alkylsulfonate functionalized metal organic framework
97,20,1,water,None,aminosulfonic acid,92.0,None,1.0,https://www.reaxys.com/reaxys/secured/hopinto.do?context=R&query=RX.ID=720066&database=RX&origin=ReaxysOutput&ln=,"Article; Li, Zhenjiang; Li, Weisi; Ren, Xinghua; Sun, Yingjie; Shi, Yuhu; Ouyang, Pingkai; Heterocyclic Communications; vol. 13; 2-3; (2007); p. 125 - 130;",6,Other,aminosulfonic acid
98,20,2,dichloromethane,None,aminosulfonic acid,92.0,None,1.0,https://www.reaxys.com/reaxys/secured/hopinto.do?context=R&query=RX.ID=720066&database=RX&origin=ReaxysOutput&ln=,"Article; Li, Zhenjiang; Li, Weisi; Sun, Yingjie; Huang, He; Ouyang, Pingkai; Journal of Heterocyclic Chemistry; vol. 45; 1; (2008); p. 285 - 288;",6,Other,aminosulfonic acid
99,20,1.5,ethanol,None,solid phase supported zirconium(IV) complex,92.0,None,1.0,https://www.reaxys.com/reaxys/secured/hopinto.do?context=R&query=RX.ID=720066&database=RX&origin=ReaxysOutput&ln=,"Article; Sharma; Sharma, Chetna; Catalysis Communications; vol. 12; 5; (2011); p. 327 - 331;",6,Other,solid phase supported zirconium(IV) complex
100,20,2,None,None,potassium fluoride on basic alumina,92.0,None,1.0,https://www.reaxys.com/reaxys/secured/hopinto.do?context=R&query=RX.ID=720066&database=RX&origin=ReaxysOutput&ln=,"Article; Paul, Susmita; Basu, Basudeb; Tetrahedron Letters; vol. 52; 49; (2011); p. 6597 - 6602;",6,Other,potassium fluoride on basic alumina
101,20,0.7,ethanol,None,lithium chloride,92.0,None,1.0,https://www.reaxys.com/reaxys/secured/hopinto.do?context=R&query=RX.ID=720066&database=RX&origin=ReaxysOutput&ln=,"Article; Karami, Bahador; Rooydel, Reza; Khodabakhshi, Saeed; Acta Chimica Slovenica; vol. 59; 1; (2012); p. 183 - 188;",6,Other,lithium chloride
102,20,1,ethanol,None,Graphite,92.0,None,1.0,https://www.reaxys.com/reaxys/secured/hopinto.do?context=R&query=RX.ID=720066&database=RX&origin=ReaxysOutput&ln=,"Article; Kadam, Hari K.; Khan, Salman; Kunkalkar, Rupesh A.; Tilve, Santosh G.; Tetrahedron Letters; vol. 54; 8; (2013); p. 1003 - 1007;",6,Other,Graphite
103,20,0.2,ethanol,None,Thiamine hydrochloride,92.0,None,1.0,https://www.reaxys.com/reaxys/secured/hopinto.do?context=R&query=RX.ID=720066&database=RX&origin=ReaxysOutput&ln=,"Article; Pawar, Omprakash B.; Chavan, Fulchand R.; Suryawanshi, Venkat S.; Shinde, Vishnu S.; Shinde, Narayan D.; Journal of Chemical Sciences; vol. 125; 1; (2013); p. 159 - 163;",6,Other,Thiamine hydrochloride
104,None,0.5,ethanol,None,nano-crystalline sulfated zirconia,92.0,Reflux,1.0,https://www.reaxys.com/reaxys/secured/hopinto.do?context=R&query=RX.ID=720066&database=RX&origin=ReaxysOutput&ln=,"Article; Teimouri, Abbas; Chermahini, Alireza Najafi; Salavati, Hossien; Ghorbanian, Leila; Journal of Molecular Catalysis A: Chemical; vol. 373; (2013); p. 38 - 45;",6,Other,nano-crystalline sulfated zirconia
105,None,1.5,ethanol,None,nanoparticle-supported cobalt catalyst; air,92.0,Reflux; Green chemistry,1.0,https://www.reaxys.com/reaxys/secured/hopinto.do?context=R&query=RX.ID=720066&database=RX&origin=ReaxysOutput&ln=,"Article; Rajabi, Fatemeh; Alves, Diego; Luque, Rafael; Molecules; vol. 20; 11; (2015); p. 20709 - 20718;",6,Other,nanoparticle-supported cobalt catalyst; air
106,120,2,neat (no solvent),None,ammonium acetate,91.0,Sealed tube,1.0,https://www.reaxys.com/reaxys/secured/hopinto.do?context=R&query=RX.ID=720066&database=RX&origin=ReaxysOutput&ln=,Article; Kannan; Sreekumar; Journal of Molecular Catalysis A: Chemical; vol. 376; (2013); p. 34 - 39;,6,Other,ammonium acetate
107,20,2.5,ethanol; water,None,manganese(II) ferrite; oxygen,91.0,Green chemistry,1.0,https://www.reaxys.com/reaxys/secured/hopinto.do?context=R&query=RX.ID=720066&database=RX&origin=ReaxysOutput&ln=,"Article; Brahmachari, Goutam; Laskar, Sujay; Barik, Puspendu; RSC Advances; vol. 3; 34; (2013); p. 14245 - 14253;",6,Other,manganese(II) ferrite; oxygen
108,25,0.0833333,methanol,None,toluene-4-sulfonic acid,90.0,None,1.0,https://www.reaxys.com/reaxys/secured/hopinto.do?context=R&query=RX.ID=720066&database=RX&origin=ReaxysOutput&ln=,"Article; Shi, Da-Qing; Dou, Guo-Lan; Synthetic Communications; vol. 38; 19; (2008); p. 3329 - 3337;",6,Other,toluene-4-sulfonic acid
109,60,2,None,None,acetic acid,90.0,None,1.0,https://www.reaxys.com/reaxys/secured/hopinto.do?context=R&query=RX.ID=720066&database=RX&origin=ReaxysOutput&ln=,"Article; Tingoli, Marco; Mazzella, Mauro; Panunzi, Barbara; Tuzi, Angela; European Journal of Organic Chemistry; 2; (2011); p. 399 - 404;",6,Other,acetic acid
110,90,4,water; glycerol,None,None,90.0,None,1.0,https://www.reaxys.com/reaxys/secured/hopinto.do?context=R&query=RX.ID=720066&database=RX&origin=ReaxysOutput&ln=,"Article; Bachhav, Harshal M.; Bhagat, Saket B.; Telvekar, Vikas N.; Tetrahedron Letters; vol. 52; 43; (2011); p. 5697 - 5701;",6,Other,None
111,85,4,acetonitrile,None,zinc trifluoromethanesulfonate,90.0,None,1.0,https://www.reaxys.com/reaxys/secured/hopinto.do?context=R&query=RX.ID=720066&database=RX&origin=ReaxysOutput&ln=,"Article; Subrahmanyam, C. Siva; Narayanan; Asian Journal of Chemistry; vol. 23; 3; (2011); p. 1331 - 1333;",6,Other,zinc trifluoromethanesulfonate
112,None,5,acetonitrile,None,samarium(III) trifluoromethanesulfonate,90.0,Reflux,1.0,https://www.reaxys.com/reaxys/secured/hopinto.do?context=R&query=RX.ID=720066&database=RX&origin=ReaxysOutput&ln=,Article; Raghuveerachary; Devanna; Asian Journal of Chemistry; vol. 23; 4; (2011); p. 1628 - 1630;,6,Other,samarium(III) trifluoromethanesulfonate
113,None,0.05,None,None,None,90.0,Microwave irradiation; Neat (no solvent),1.0,https://www.reaxys.com/reaxys/secured/hopinto.do?context=R&query=RX.ID=720066&database=RX&origin=ReaxysOutput&ln=,"Article; Morales-Castellanos, J. Jesus; Ramirez-Hernandez, Karina; Gomez-Flores, Nancy S.; Rodas-Suarez, Oscar R.; Peralta-Cruz, Javier; Molecules; vol. 17; 5; (2012); p. 5164 - 5176;",6,Other,None
114,20,0.5,ethanol,None,None,90.0,Green chemistry,1.0,https://www.reaxys.com/reaxys/secured/hopinto.do?context=R&query=RX.ID=720066&database=RX&origin=ReaxysOutput&ln=,"Article; Delpivo, Camilla; Micheletti, Gabriele; Boga, Carla; Synthesis (Germany); vol. 45; 11; (2013); p. 1546 - 1552;",6,Other,None
115,80,0.333333,water,None,"1,4-diaza-bicyclo[2.2.2]octane; acetic acid",90.0,Green chemistry,1.0,https://www.reaxys.com/reaxys/secured/hopinto.do?context=R&query=RX.ID=720066&database=RX&origin=ReaxysOutput&ln=,Article; Mulik; Chandam; Patil; Patil; Mulik; Salunkhe; Deshmukh; Research on Chemical Intermediates; vol. 41; 12; (2015); p. 10085 - 10096;,6,Other,"1,4-diaza-bicyclo[2.2.2]octane; acetic acid"
116,20,1,water,None,PVPP*OTf,90.0,None,1.0,https://www.reaxys.com/reaxys/secured/hopinto.do?context=R&query=RX.ID=720066&database=RX&origin=ReaxysOutput&ln=,"Article; Khaksar, Samad; Tajbakhsh, Mahmoud; Gholami, Milad; Rostamnezhad, Fariba; Chinese Chemical Letters; vol. 25; 9; (2014); p. 1287 - 1290;",6,Other,PVPP*OTf
117,80,None,ethanol,None,ZrO2-Al2O3 catalyst,90.3,None,1.0,https://www.reaxys.com/reaxys/secured/hopinto.do?context=R&query=RX.ID=720066&database=RX&origin=ReaxysOutput&ln=,"Article; Thimmaraju; Shamshuddin, S. Z. Mohamed; RSC Advances; vol. 6; 65; (2016); p. 60231 - 60243;",6,Other,ZrO2-Al2O3 catalyst
118,20,2.5,water; acetonitrile,None,zinc(II) chloride,89.0,None,1.0,https://www.reaxys.com/reaxys/secured/hopinto.do?context=R&query=RX.ID=720066&database=RX&origin=ReaxysOutput&ln=,"Article; Dhakshinamoorthy, Amarajothi; Kanagaraj, Kuppusamy; Pitchumani, Kasi; Tetrahedron Letters; vol. 52; 1; (2011); p. 69 - 73;",6,Other,zinc(II) chloride
119,20,0.583333,acetonitrile,None,silica nanosphere-graphene oxide hybrid,89.0,None,1.0,https://www.reaxys.com/reaxys/secured/hopinto.do?context=R&query=RX.ID=720066&database=RX&origin=ReaxysOutput&ln=,"Article; Shitre, Praveen V.; Harale, Rajkumar R.; Sathe, Bhaskar R.; Shingare, Murlidhar S.; Research on Chemical Intermediates; vol. 43; 2; (2017); p. 829 - 841;",6,Other,silica nanosphere-graphene oxide hybrid
120,60,0.00833333,water,None,indium,88.0,Microwave irradiation; Green chemistry,1.0,https://www.reaxys.com/reaxys/secured/hopinto.do?context=R&query=RX.ID=720066&database=RX&origin=ReaxysOutput&ln=,"Article; Bandyopadhyay, Debasish; Mukherjee, Sanghamitra; Banik, Bimal K.; Combinatorial Chemistry and High Throughput Screening; vol. 18; 1; (2015); p. 53 - 62;",6,Other,indium
121,80,24,ethanol,None,None,88.6,None,1.0,https://www.reaxys.com/reaxys/secured/hopinto.do?context=R&query=RX.ID=720066&database=RX&origin=ReaxysOutput&ln=,"Patent; AAC Optoelectronics Technology (Changzhou) Co., Ltd; Nanjing University; Zheng, Youxuan; Li, Yiming; Wang, Yi; Pan, Yi; Zuo, Jinglin; Zuo, Jie; Yu, Lei; (10 pag.)CN106397489; (2017); A;",6,Other,None
122,80,24,ethanol,None,None,88.6,None,1.0,https://www.reaxys.com/reaxys/secured/hopinto.do?context=R&query=RX.ID=720066&database=RX&origin=ReaxysOutput&ln=,"Patent; AAC Microtech (Changzhou) Co., Ltd.; Zheng, Youxuan; Jing, Yiming; Wang, Yi; Pan, Yi; Zuo, Jinglin; Zhou, Jie; Yu, Lei; (10 pag.)CN106397490; (2017); A;",6,Other,None
123,80,24,ethanol,None,None,88.6,None,1.0,https://www.reaxys.com/reaxys/secured/hopinto.do?context=R&query=RX.ID=720066&database=RX&origin=ReaxysOutput&ln=,"Patent; Ruisheng Optoelectric Science And Technology (Changzhou) Co., Ltd.; Nanjing University; Zheng Youxuan; Jing Yiming; Wang Yi; Pan Yi; Zuo Jinglin; Zhou Jie; Yu Lei; (12 pag.)CN106588993; (2017); A;",6,Other,None
124,80,24,ethanol,None,None,88.6,None,1.0,https://www.reaxys.com/reaxys/secured/hopinto.do?context=R&query=RX.ID=720066&database=RX&origin=ReaxysOutput&ln=,"Patent; Ruisheng Optoelectric Science And Technology (Changzhou) Co., Ltd.; Nanjing University; Zheng Youxuan; Jing Yiming; Wang Yi; Pan Yi; Zuo Jinglin; Zhou Jie; Yu Lei; (11 pag.)CN106397494; (2017); A;",6,Other,None
125,None,None,ethanol,None,None,86.0,Reflux,1.0,https://www.reaxys.com/reaxys/secured/hopinto.do?context=R&query=RX.ID=720066&database=RX&origin=ReaxysOutput&ln=,"Article; Son, Ho-Jin; Han, Won-Sik; Yoo, Dae-Hwan; Min, Kyoung-Tae; Kwon, Soon-Nam; Ko, Jaejung; Kang, Sang Ook; Journal of Organic Chemistry; vol. 74; 8; (2009); p. 3175 - 3178;",6,Other,None
126,25,1,ethanol,None,acetic acid,82.0,Irradiation,1.0,https://www.reaxys.com/reaxys/secured/hopinto.do?context=R&query=RX.ID=720066&database=RX&origin=ReaxysOutput&ln=,"Article; Cogo, Juliana; Kaplum, Vanessa; Sangi, Diego Pereira; Ueda-Nakamura, Tnia; Corra, Arlene Gonalves; Nakamura, Celso Vataru; European Journal of Medicinal Chemistry; vol. 90; (2014); p. 107 - 123;",6,Other,acetic acid
127,25,1,ethanol,None,acetic acid,82.0,Sonication,1.0,https://www.reaxys.com/reaxys/secured/hopinto.do?context=R&query=RX.ID=720066&database=RX&origin=ReaxysOutput&ln=,"Article; Cogo, Juliana; Kaplum, Vanessa; Sangi, Diego Pereira; Ueda-Nakamura, Tania; Correa, Arlene Goncalves; Nakamura, Celso Vataru; European Journal of Medicinal Chemistry; vol. 90; (2015); p. 107 - 123;",6,Other,acetic acid
128,25,1,ethanol,None,acetic acid,82.0,Irradiation,1.0,https://www.reaxys.com/reaxys/secured/hopinto.do?context=R&query=RX.ID=720066&database=RX&origin=ReaxysOutput&ln=,"Article; Sangi, Diego P.; Cominetti, Marcia R.; Becceneri, Amanda B.; Resende, Flavia A.; Varanda, Eliana A.; Montanari, Carlos A.; Paixao, Marcio W.; Correa, Arlene G.; Medicinal Chemistry; vol. 11; 8; (2015); p. 736 - 746;",6,Other,acetic acid
129,None,5,ethanol,None,None,80.0,Heating,1.0,https://www.reaxys.com/reaxys/secured/hopinto.do?context=R&query=RX.ID=720066&database=RX&origin=ReaxysOutput&ln=,"Article; Naskar, Jnan P.; Chowdhury, Shubhamoy; Drew, Michael G. B.; Datta, Dipankar; New Journal of Chemistry; vol. 26; 1; (2002); p. 170 - 175;",6,Other,None
130,20,0.5,ethanol; water,None,Co(TpOMePP)Cl,80.0,None,1.0,https://www.reaxys.com/reaxys/secured/hopinto.do?context=R&query=RX.ID=720066&database=RX&origin=ReaxysOutput&ln=,"Article; Mohammadi, Khosro; Hasaninejad, Alireza; Niad, Mahmud; Najmi, Mojtaba; Journal of Porphyrins and Phthalocyanines; vol. 14; 12; (2010); p. 1052 - 1058;",6,Other,Co(TpOMePP)Cl
131,60,4,"1,4-dioxane; N,N-dimethyl-formamide",None,acetic acid,77.0,Inert atmosphere,1.0,https://www.reaxys.com/reaxys/secured/hopinto.do?context=R&query=RX.ID=720066&database=RX&origin=ReaxysOutput&ln=,"Article; Zhai, Yadong; Su, Zhenni; Jiang, Hao; Rong, Jing; Qiu, Xianfan; Tao, Chuanzhou; Tetrahedron Letters; vol. 60; 12; (2019); p. 843 - 846;",6,Other,acetic acid
132,20,2,ethanol,None,zeolite HY,76.0,Green chemistry,1.0,https://www.reaxys.com/reaxys/secured/hopinto.do?context=R&query=RX.ID=720066&database=RX&origin=ReaxysOutput&ln=,"Article; Bodaghifard, Mohammad Ali; Mobinikhaledi, Akbar; Zendehdel, Mojgan; Ayalvar, Zeinab; Revue Roumaine de Chimie; vol. 60; 4; (2015); p. 345 - 348;",6,Other,zeolite HY
133,100,8,None,None,potassium phosphate,71.0,Schlenk technique,1.0,https://www.reaxys.com/reaxys/secured/hopinto.do?context=R&query=RX.ID=720066&database=RX&origin=ReaxysOutput&ln=,"Article; Jiang, Shaohua; Li, Yibiao; Luo, Xianglin; Huang, Guoling; Shao, Yan; Li, Dongli; Li, Bin; Tetrahedron Letters; vol. 59; 34; (2018); p. 3249 - 3252;",6,Other,potassium phosphate
134,None,None,ethanol,None,None,62.0,Heating,1.0,https://www.reaxys.com/reaxys/secured/hopinto.do?context=R&query=RX.ID=720066&database=RX&origin=ReaxysOutput&ln=,"Article; Gazit, Aviv; App, Harald; McMahon, Gerald; Chen, Jefferey; Levitzki, Alexander; Bohmer, Frank D.; Journal of Medicinal Chemistry; vol. 39; 11; (1996); p. 2170 - 2177;",6,Other,None
135,None,5.5,None,None,pyridine; copper(l) iodide,60.0,Reflux,1.0,https://www.reaxys.com/reaxys/secured/hopinto.do?context=R&query=RX.ID=720066&database=RX&origin=ReaxysOutput&ln=,Article; Vasilevsky; Davydova; Tolstikov; Chemistry of Heterocyclic Compounds; vol. 44; 10; (2008); p. 1257 - 1261;,6,Other,pyridine; copper(l) iodide
136,None,None,None,None,dibromotrimethoxyphosphorane; triethylamine,57.0,multistep reaction; novel heterocyclic compounds via aza- and bis-aza-Wittig reactions,1.0,https://www.reaxys.com/reaxys/secured/hopinto.do?context=R&query=RX.ID=720066&database=RX&origin=ReaxysOutput&ln=,"Article; Alkhathlan, Hamad Z.; Al-Lohedan, Hamad A.; Phosphorus, Sulfur and Silicon and the Related Elements; vol. 63; 3/4; (1991); p. 301 - 305;",6,Other,dibromotrimethoxyphosphorane; triethylamine
137,None,None,None,None,None,None,None,1.0,https://www.reaxys.com/reaxys/secured/hopinto.do?context=R&query=RX.ID=720066&database=RX&origin=ReaxysOutput&ln=,Article; Hinsberg; Koenig; Chemische Berichte; vol. 27; (1894); p. 2185;,6,Other,None
138,None,None,None,None,acetic acid,None,None,1.0,https://www.reaxys.com/reaxys/secured/hopinto.do?context=R&query=RX.ID=720066&database=RX&origin=ReaxysOutput&ln=,Article; Bost; Towell; Journal of the American Chemical Society; vol. 70; (1948); p. 903;,6,Other,acetic acid
139,None,None,None,None,dibromotrimethoxyphosphorane; triethylamine,None,"1) CH2Cl2, reflux, 1 h, 2) reflux, 12 h",1.0,https://www.reaxys.com/reaxys/secured/hopinto.do?context=R&query=RX.ID=720066&database=RX&origin=ReaxysOutput&ln=,"Article; Alkhathlan, Hamad Z.; Al-Lohedan, Hamad A.; Phosphorus, Sulfur and Silicon and the Related Elements; vol. 63; 3/4; (1991); p. 301 - 305;",6,Other,dibromotrimethoxyphosphorane; triethylamine
140,None,24,ethanol,hydrogenchloride,None,None,Heating,1.0,https://www.reaxys.com/reaxys/secured/hopinto.do?context=R&query=RX.ID=720066&database=RX&origin=ReaxysOutput&ln=,"Article; Cohen,Y.; Meyer,A.Y.; Rabinovitz,M.; Journal of the American Chemical Society; vol. 108; (1986); p. 7039;",6,Other,hydrogenchloride
141,None,None,None,None,dibromotrimethoxyphosphorane; triethylamine,None,"1.) dichloromethane, reflux, 1 h, 2.) dichloromethane, reflux, 10 h",1.0,https://www.reaxys.com/reaxys/secured/hopinto.do?context=R&query=RX.ID=720066&database=RX&origin=ReaxysOutput&ln=,"Article; Alkhathlan, Hamad Z.; Al-Lohedan, Hamad A.; Journal of Chemical Research, Miniprint; 1; (1995); p. 201 - 220;",6,Other,dibromotrimethoxyphosphorane; triethylamine
142,20,0.00833333,None,None,toluene-4-sulfonic acid,None,Irradiation,1.0,https://www.reaxys.com/reaxys/secured/hopinto.do?context=R&query=RX.ID=720066&database=RX&origin=ReaxysOutput&ln=,Article; Villemin; Martin; Synthetic Communications; vol. 25; 15; (1995); p. 2319 - 2326;,6,Other,toluene-4-sulfonic acid
143,160,7,water,None,hydrogenchloride,None,None,1.0,https://www.reaxys.com/reaxys/secured/hopinto.do?context=R&query=RX.ID=720066&database=RX&origin=ReaxysOutput&ln=,"Article; Van Belzen, Ruud; Klein, Rene A.; Smeets, Wilberth J.J.; Spek, Anthony L.; Benedix, Roland; Elsevier, Cornelis J.; Recueil des Travaux Chimiques des Pays-Bas-Journal of the Royal Netherlands; vol. 115; 5; (1996); p. 275 - 285;",6,Other,hydrogenchloride
144,None,None,None,None,None,None,None,1.0,https://www.reaxys.com/reaxys/secured/hopinto.do?context=R&query=RX.ID=720066&database=RX&origin=ReaxysOutput&ln=,Article; Hinsberg; Koenig; Chemische Berichte; vol. 27; (1894); p. 2185;,6,Other,None
145,25,2,methanol; chloroform,None,None,None,other times,1.0,https://www.reaxys.com/reaxys/secured/hopinto.do?context=R&query=RX.ID=720066&database=RX&origin=ReaxysOutput&ln=,"Article; Lokshin, B. V.; Siling, M. I.; Belomoina, N. M.; Krongauz, E. S.; Korshak, E. S.; Doklady Chemistry; vol. 289; (1986); p. 269 - 272; Dokl. Akad. Nauk SSSR Ser. Khim.; vol. 289; 2; (1986); p. 370 - 373;",6,Other,None
146,140,3,dimethyl sulfoxide,None,None,None,None,1.0,https://www.reaxys.com/reaxys/secured/hopinto.do?context=R&query=RX.ID=720066&database=RX&origin=ReaxysOutput&ln=,"Article; Mousset, Ce?line; Provot, Olivier; Hamze, Abdallah; Bignon, Je?ro?me; Brion, Jean-Daniel; Alami, Moua?d; Tetrahedron; vol. 64; 19; (2008); p. 4287 - 4294;",6,Other,None
147,None,None,None,None,None,None,None,1.0,https://www.reaxys.com/reaxys/secured/hopinto.do?context=R&query=RX.ID=720066&database=RX&origin=ReaxysOutput&ln=,"Patent; AMBRX, INC.; WO2008/83346; (2008); A1;",6,Other,None
148,None,2,None,None,cerium(III) chloride heptahydrate,None,None,1.0,https://www.reaxys.com/reaxys/secured/hopinto.do?context=R&query=RX.ID=720066&database=RX&origin=ReaxysOutput&ln=,"Article; Ravishankar, Lakshmy; Patwe, Siddhartha A.; Gosarani, Nehal; Roy, Aparajita; Synthetic Communications; vol. 40; 21; (2010); p. 3177 - 3180;",6,Other,cerium(III) chloride heptahydrate
149,None,1,None,None,None,None,None,1.0,https://www.reaxys.com/reaxys/secured/hopinto.do?context=R&query=RX.ID=720066&database=RX&origin=ReaxysOutput&ln=,"Article; Lian, Mi; Li, Qi; Zhu, Yanping; Yin, Guodong; Wu, Anxin; Tetrahedron; vol. 68; 47; (2012); p. 9598 - 9605;",6,Other,None
150,20,1.5,"ethyl acetate; N,N-dimethyl-formamide",None,None,None,None,1.0,https://www.reaxys.com/reaxys/secured/hopinto.do?context=R&query=RX.ID=720066&database=RX&origin=ReaxysOutput&ln=,"Article; Lin, Yang; Lei, Xiaoli; Yang, Qin; Yuan, Jiangjun; Ding, Qiuping; Xu, Jingshi; Peng, Yiyuan; Synthesis (Germany); vol. 44; 17; (2012); p. 2699 - 2706;",6,Other,None
151,20,24,nitromethane; water,None,None,None,None,1.0,https://www.reaxys.com/reaxys/secured/hopinto.do?context=R&query=RX.ID=720066&database=RX&origin=ReaxysOutput&ln=,"Article; Xu, Yuan; Wan, Xiaobing; Tetrahedron Letters; vol. 54; 7; (2013); p. 642 - 645;",6,Other,None
152,60,2,water; toluene; acetonitrile,None,acetic acid,None,Inert atmosphere,1.0,https://www.reaxys.com/reaxys/secured/hopinto.do?context=R&query=RX.ID=720066&database=RX&origin=ReaxysOutput&ln=,"Article; Schmidt, Bernd; Krehl, Stefan; Hauke, Sylvia; Journal of Organic Chemistry; vol. 78; 11; (2013); p. 5427 - 5435;",6,Other,acetic acid
153,20,None,methanol,None,saccharin,None,None,1.0,https://www.reaxys.com/reaxys/secured/hopinto.do?context=R&query=RX.ID=720066&database=RX&origin=ReaxysOutput&ln=,"Article; Zhang, Zhenhua; Du, Haifeng; Angewandte Chemie - International Edition; vol. 54; 2; (2015); p. 623 - 626; Angew. Chem.; vol. 127; 2; (2015); p. 633 - 636,4;",6,Other,saccharin
154,20,12,dimethyl sulfoxide,None,iodine,None,None,1.0,https://www.reaxys.com/reaxys/secured/hopinto.do?context=R&query=RX.ID=720066&database=RX&origin=ReaxysOutput&ln=,"Article; Xie, Caixia; Zhang, Zeyuan; Yang, Bingchuan; Song, Gaolei; Gao, He; Wen, Leilin; Ma, Chen; Tetrahedron; vol. 71; 12; (2015); p. 1831 - 1837;",6,Other,iodine
155,20,24,None,None,None,None,None,1.0,https://www.reaxys.com/reaxys/secured/hopinto.do?context=R&query=RX.ID=720066&database=RX&origin=ReaxysOutput&ln=,"Article; Xu, Ning; Gu, Da-Wei; Dong, Yan-Sheng; Yi, Feng-Ping; Cai, Liangzhen; Wu, Xin-Yan; Guo, Xun-Xiang; Tetrahedron Letters; vol. 56; 12; (2015); p. 1517 - 1519;",6,Other,None
156,60,3,neat (no solvent),None,graphene oxide,None,Sealed tube; Green chemistry,1.0,https://www.reaxys.com/reaxys/secured/hopinto.do?context=R&query=RX.ID=720066&database=RX&origin=ReaxysOutput&ln=,"Article; Roy, Babli; Ghosh, Sujit; Ghosh, Pranab; Basu, Basudeb; Tetrahedron Letters; vol. 56; 48; (2015); p. 6762 - 6767;",6,Other,graphene oxide
157,100,1,dimethyl sulfoxide,None,toluene-4-sulfonic acid,None,None,1.0,https://www.reaxys.com/reaxys/secured/hopinto.do?context=R&query=RX.ID=720066&database=RX&origin=ReaxysOutput&ln=,"Article; Zhang, Zeyuan; Xie, Caixia; Feng, Lei; Ma, Chen; Synthetic Communications; vol. 46; 18; (2016); p. 1507 - 1518;",6,Other,toluene-4-sulfonic acid
158,85,12,ethanol,None,None,None,Inert atmosphere,1.0,https://www.reaxys.com/reaxys/secured/hopinto.do?context=R&query=RX.ID=720066&database=RX&origin=ReaxysOutput&ln=,"Article; Yao, Ji-Yuan; Hou, Hong-Hao; Ma, Xiao-Dong; Xu, Hong-Jie; Shi, Zi-Xing; Yin, Jie; Jiang, Xue-Song; Chinese Chemical Letters; vol. 28; 1; (2017); p. 6 - 12;",6,Other,None
159,100,None,None,None,acetic acid,None,None,1.0,https://www.reaxys.com/reaxys/secured/hopinto.do?context=R&query=RX.ID=720066&database=RX&origin=ReaxysOutput&ln=,"Article; Yang, Junwei; Zhu, Haoyun; Huang, Yuli; Huang, Wei; Wang, Weizhi; RSC Advances; vol. 6; 102; (2016); p. 100067 - 100071;",6,Other,acetic acid
160,None,24,ethanol,None,None,None,Inert atmosphere; Reflux,1.0,https://www.reaxys.com/reaxys/secured/hopinto.do?context=R&query=RX.ID=720066&database=RX&origin=ReaxysOutput&ln=,"Article; Jing, Yi-Ming; Wang, Fang-Zhou; Zheng, You-Xuan; Zuo, Jing-Lin; Journal of Materials Chemistry C; vol. 5; 15; (2017); p. 3714 - 3724;",6,Other,None
161,None,None,neat (no solvent),None,None,None,Milling,1.0,https://www.reaxys.com/reaxys/secured/hopinto.do?context=R&query=RX.ID=720066&database=RX&origin=ReaxysOutput&ln=,"Article; Julien, Patrick A.; Malvestiti, Ivani; Fri??i?, Tomislav; Beilstein Journal of Organic Chemistry; vol. 13; (2017); p. 2160 - 2168;",6,Other,None
162,160,0.0833333,methanol,None,acetic acid,None,None,1.0,https://www.reaxys.com/reaxys/secured/hopinto.do?context=R&query=RX.ID=720066&database=RX&origin=ReaxysOutput&ln=,"Article; Zhu, Yulin; Luo, Kaijun; Zhao, Li; Ni, Hailiang; Li, Quan; Dyes and Pigments; vol. 145; (2017); p. 144 - 151;",6,Other,acetic acid
163,None,None,ethanol,None,None,None,Reflux,1.0,https://www.reaxys.com/reaxys/secured/hopinto.do?context=R&query=RX.ID=720066&database=RX&origin=ReaxysOutput&ln=,"Article; Saidykhan, Amie; Nazir, Yasser; Martin, William.H.C.; Gallagher, Richard T; Bowen, Richard D; European Journal of Mass Spectrometry; vol. 24; 1; (2018); p. 3 - 11;",6,Other,None
164,230,0.16666666666666666,water,Acetic acid 5%,None,90.0,None,1.0,None,None,6,Fabian,Acetic acid 5%
0,100,0.25,None,None,None,100.0,None,1.0,https://www.reaxys.com/reaxys/secured/hopinto.do?context=R&query=RX.ID=665373&database=RX&origin=ReaxysOutput&ln=,"Article; Kaupp, Gerd; Naimi-Jamal, M. Reza; European Journal of Organic Chemistry; 8; (2002); p. 1368 - 1373;",7,Other,None
1,20,0.0833333,ethanol,None,gallium(III) triflate,100.0,None,1.0,https://www.reaxys.com/reaxys/secured/hopinto.do?context=R&query=RX.ID=665373&database=RX&origin=ReaxysOutput&ln=,"Article; Cai, Jing-Jing; Zou, Jian-Ping; Pan, Xiang-Qiang; Zhang, Wei; Tetrahedron Letters; vol. 49; 52; (2008); p. 7386 - 7390;",7,Other,gallium(III) triflate
2,20,0.166667,None,None,aluminum oxide,100.0,neat (no solvent),1.0,https://www.reaxys.com/reaxys/secured/hopinto.do?context=R&query=RX.ID=665373&database=RX&origin=ReaxysOutput&ln=,"Article; Li, Jun; Jiang, Dan-Na; Chen, Jiu-Xi; Liu, Miao-Chang; Ding, Jin-Chang; Wu, Hua-Yue; Journal of Heterocyclic Chemistry; vol. 48; 2; (2011); p. 403 - 406;",7,Other,aluminum oxide
3,20,0.0833333,methanol,None,zirconium(IV) chloride,100.0,None,1.0,https://www.reaxys.com/reaxys/secured/hopinto.do?context=R&query=RX.ID=665373&database=RX&origin=ReaxysOutput&ln=,"Article; Aghapoor, Kioumars; Darabi, Hossein Reza; Mohsenzadeh, Farshid; Balavar, Yadollah; Daneshyar, Hesam; Transition Metal Chemistry; vol. 35; 1; (2010); p. 49 - 53;",7,Other,zirconium(IV) chloride
4,25,0.05,methanol,None,vitamin B1,100.0,Sonication,1.0,https://www.reaxys.com/reaxys/secured/hopinto.do?context=R&query=RX.ID=665373&database=RX&origin=ReaxysOutput&ln=,"Article; Aghapoor, Kioumars; Mohsenzadeh, Farshid; Talebian, Shiva; Tehrani, Mohammad Jafar; Balavar, Yadollah; Khanalizadeh, Golriz; Darabi, Hossein Reza; Monatshefte fur Chemie; vol. 142; 6; (2011); p. 619 - 624;",7,Other,vitamin B1
5,20,0.233333,ethanol,None,potassium hydrogensulfate,99.0,None,1.0,https://www.reaxys.com/reaxys/secured/hopinto.do?context=R&query=RX.ID=665373&database=RX&origin=ReaxysOutput&ln=,"Article; Oskooie, Hossein A.; Heravi, Majid M.; Bakhtiari, Khadijeh; Taheri, Shima; Monatshefte fur Chemie; vol. 138; 9; (2007); p. 875 - 877;",7,Other,potassium hydrogensulfate
6,70,0.233333,water,None,amberlyst-15,99.0,None,1.0,https://www.reaxys.com/reaxys/secured/hopinto.do?context=R&query=RX.ID=665373&database=RX&origin=ReaxysOutput&ln=,"Article; Liu, Ju-Yan; Liu, Jing; Wang, Jia-Di; Jiao, De-Quan; Liu, Hai-Wang; Synthetic Communications; vol. 40; 14; (2010); p. 2047 - 2056;",7,Other,amberlyst-15
7,20,0.25,ethanol,None,sulfated titania (TiO2-SO42-),99.0,None,1.0,https://www.reaxys.com/reaxys/secured/hopinto.do?context=R&query=RX.ID=665373&database=RX&origin=ReaxysOutput&ln=,Article; Krishnakumar; Velmurugan; Jothivel; Swaminathan; Catalysis Communications; vol. 11; 12; (2010); p. 997 - 1002;,7,Other,sulfated titania (TiO2-SO42-)
8,None,0.0333333,None,None,sulfated TiO2-P25 (Degussa titania),99.0,Microwave irradiation; Neat (no solvent),1.0,https://www.reaxys.com/reaxys/secured/hopinto.do?context=R&query=RX.ID=665373&database=RX&origin=ReaxysOutput&ln=,Article; Krishnakumar; Swaminathan; Journal of Molecular Catalysis A: Chemical; vol. 350; 1-2; (2011); p. 16 - 25;,7,Other,sulfated TiO2-P25 (Degussa titania)
9,20,0.05,methanol,None,silica-supported stannous chloride,99.0,None,1.0,https://www.reaxys.com/reaxys/secured/hopinto.do?context=R&query=RX.ID=665373&database=RX&origin=ReaxysOutput&ln=,"Article; Darabi, Hossein Reza; Aghapoor, Kioumars; Mohsenzadeh, Farshid; Jalali, Mohammad Reza; Talebian, Shiva; Ebadi-Nia, Leila; Khatamifar, Ehsan; Aghaee, Ali; Bulletin of the Korean Chemical Society; vol. 32; 1; (2011); p. 213 - 218;",7,Other,silica-supported stannous chloride
10,None,0.0333333,None,None,sulfate loaded TiO2,99.0,Microwave irradiation; Neat (no solvent),1.0,https://www.reaxys.com/reaxys/secured/hopinto.do?context=R&query=RX.ID=665373&database=RX&origin=ReaxysOutput&ln=,"Article; Krishnakumar, Balu; Swaminathan, Meenakshisundaram; Bulletin of the Chemical Society of Japan; vol. 84; 11; (2011); p. 1261 - 1266;",7,Other,sulfate loaded TiO2
11,None,0.5,water,None,zirconium oxide salicylaldehyde-(3-aminopropyl)trimethoxysilane imine complex modified SBA-15,99.0,Reflux,1.0,https://www.reaxys.com/reaxys/secured/hopinto.do?context=R&query=RX.ID=665373&database=RX&origin=ReaxysOutput&ln=,"Article; Malakooti, Reihaneh; Bardajee, Ghasem Rezanejade; Mahmoudi, Hesamaldin; Kakavand, Nahale; Catalysis Letters; vol. 143; 8; (2013); p. 853 - 861;",7,Other,zirconium oxide salicylaldehyde-(3-aminopropyl)trimethoxysilane imine complex modified SBA-15
12,80,0.0833333,neat (no solvent),None,zirconia supported tungstophosphoric acid,99.0,Green chemistry,1.0,https://www.reaxys.com/reaxys/secured/hopinto.do?context=R&query=RX.ID=665373&database=RX&origin=ReaxysOutput&ln=,"Article; Sosa, Alexis A.; Rivera, Toa S.; Blanco, Mirta N.; Pizzio, Luis R.; Romanelli, Gustavo P.; Phosphorus, Sulfur and Silicon and the Related Elements; vol. 188; 8; (2013); p. 1071 - 1079;",7,Other,zirconia supported tungstophosphoric acid
13,20,0.0833333,methanol,None,saccharin,99.0,None,1.0,https://www.reaxys.com/reaxys/secured/hopinto.do?context=R&query=RX.ID=665373&database=RX&origin=ReaxysOutput&ln=,"Article; Lassagne, Frederic; Chevallier, Floris; Mongin, Florence; Synthetic Communications; vol. 44; 1; (2014); p. 141 - 149;",7,Other,saccharin
14,100,0.0833333,neat (no solvent),None,mesoporous silica SBA-15 functionalized with Cu(II)-DiAmSar complex,99.0,None,1.0,https://www.reaxys.com/reaxys/secured/hopinto.do?context=R&query=RX.ID=665373&database=RX&origin=ReaxysOutput&ln=,"Article; Mohammadi, Marzieh; Bardajee, Ghasem Rezanejade; Pesyan, Nader Noroozi; Chinese Journal of Catalysis; vol. 36; 8; (2015); p. 1379 - 1386;",7,Other,mesoporous silica SBA-15 functionalized with Cu(II)-DiAmSar complex
15,20,0.0833333,acetic acid,H6P2W18O62,None,98.0,None,1.0,https://www.reaxys.com/reaxys/secured/hopinto.do?context=R&query=RX.ID=665373&database=RX&origin=ReaxysOutput&ln=,"Article; Heravi, Majid M.; Bakhtiari, Khadijeh; Bamoharram, Fatemeh F.; Tehrani, Maryam H.; Monatshefte fur Chemie; vol. 138; 5; (2007); p. 465 - 467;",7,Other,H6P2W18O62
16,110,0.5,None,None,PEG-400,98.0,Neat (no solvent),1.0,https://www.reaxys.com/reaxys/secured/hopinto.do?context=R&query=RX.ID=665373&database=RX&origin=ReaxysOutput&ln=,"Article; Zhang, Xia Zhong; Wang, Jin Xian; Sun, Yong Jun; Zhan, Hong Wen; Chinese Chemical Letters; vol. 21; 4; (2010); p. 395 - 398;",7,Other,PEG-400
17,None,1.5,ethanol,None,nanoparticle-supported cobalt catalyst; air,98.0,Reflux; Green chemistry,1.0,https://www.reaxys.com/reaxys/secured/hopinto.do?context=R&query=RX.ID=665373&database=RX&origin=ReaxysOutput&ln=,"Article; Rajabi, Fatemeh; Alves, Diego; Luque, Rafael; Molecules; vol. 20; 11; (2015); p. 20709 - 20718;",7,Other,nanoparticle-supported cobalt catalyst; air
18,20,0.0833333,None,None,sulfonated rice husk ash,98.0,Green chemistry,1.0,https://www.reaxys.com/reaxys/secured/hopinto.do?context=R&query=RX.ID=665373&database=RX&origin=ReaxysOutput&ln=,"Article; Shamsi-Sani, Mahnaz; Shirini, Farhad; Abedini, Masoumeh; Seddighi, Mohadeseh; Research on Chemical Intermediates; vol. 42; 2; (2016); p. 1091 - 1099;",7,Other,sulfonated rice husk ash
19,20,0.166667,ethanol,None,magnesium hydrogen sulfate,97.0,None,1.0,https://www.reaxys.com/reaxys/secured/hopinto.do?context=R&query=RX.ID=665373&database=RX&origin=ReaxysOutput&ln=,"Article; Niknam, Khodabakhsh; Zolfigol, Mohammad Ali; Tavakoli, Ziba; Heydari, Zahra; Journal of the Chinese Chemical Society; vol. 55; 6; (2008); p. 1373 - 1378;",7,Other,magnesium hydrogen sulfate
20,20,0.75,ethanol; water,None,TiO2-P25-SO42-,97.6,None,1.0,https://www.reaxys.com/reaxys/secured/hopinto.do?context=R&query=RX.ID=665373&database=RX&origin=ReaxysOutput&ln=,Article; Krishnakumar; Swaminathan; Journal of Organometallic Chemistry; vol. 695; 24; (2010); p. 2572 - 2577;,7,Other,TiO2-P25-SO42-
21,None,0.166667,acetonitrile,None,Fe/Al-MCM-41,97.0,Reflux,1.0,https://www.reaxys.com/reaxys/secured/hopinto.do?context=R&query=RX.ID=665373&database=RX&origin=ReaxysOutput&ln=,"Article; Heravi, Majid M.; Hosseini, Mariam; Oskooie, Hossein A.; Baghernejad, Bita; Journal of the Korean Chemical Society; vol. 55; 2; (2011); p. 235 - 239;",7,Other,Fe/Al-MCM-41
22,120,0.05,None,None,polyethylene glycol-400,97.0,Microwave irradiation,1.0,https://www.reaxys.com/reaxys/secured/hopinto.do?context=R&query=RX.ID=665373&database=RX&origin=ReaxysOutput&ln=,"Article; Zhang, Xia-Zhong; Wang, Jin-Xian; Bai, Lin; Synthetic Communications; vol. 41; 14; (2011); p. 2053 - 2063;",7,Other,polyethylene glycol-400
23,20,1,None,None,"1,1,1,3',3',3'-hexafluoro-propanol",97.0,None,1.0,https://www.reaxys.com/reaxys/secured/hopinto.do?context=R&query=RX.ID=665373&database=RX&origin=ReaxysOutput&ln=,"Article; Khaksar, Samad; Rostamnezhad, Fariba; Bulletin of the Korean Chemical Society; vol. 33; 8; (2012); p. 2581 - 2584;",7,Other,"1,1,1,3',3',3'-hexafluoro-propanol"
24,None,0.133333,ethanol,None,Polystyrene-Supported AlCl3,97.0,Reflux,1.0,https://www.reaxys.com/reaxys/secured/hopinto.do?context=R&query=RX.ID=665373&database=RX&origin=ReaxysOutput&ln=,"Article; Rahmatpour, Ali; Heteroatom Chemistry; vol. 23; 5; (2012); p. 472 - 477;",7,Other,Polystyrene-Supported AlCl3
25,20,0.0833333,methanol,None,silica-supported bismuth(III) chloride,97.0,None,1.0,https://www.reaxys.com/reaxys/secured/hopinto.do?context=R&query=RX.ID=665373&database=RX&origin=ReaxysOutput&ln=,"Article; Aghapoor, Kioumars; Mohsenzadeh, Farshid; Shakeri, Atena; Darabi, Hossein Reza; Ghassemzadeh, Mitra; Neumueller, Bernhard; Journal of Organometallic Chemistry; vol. 743; (2013); p. 170 - 178;",7,Other,silica-supported bismuth(III) chloride
26,20,0.25,ethanol; water,None,zirconium triflate,97.0,Green chemistry,1.0,https://www.reaxys.com/reaxys/secured/hopinto.do?context=R&query=RX.ID=665373&database=RX&origin=ReaxysOutput&ln=,"Article; Kolvari, Eskandar; Zolfigol, Mohammad Ali; Koukabi, Nadiya; Gilandust, Maryam; Kordi, Abdol-Vahid; Journal of the Iranian Chemical Society; vol. 10; 6; (2013); p. 1183 - 1191;",7,Other,zirconium triflate
27,100,0.0833333,neat (no solvent),None,10 wtpercent sulfated polyborate,97.0,Green chemistry,1.0,https://www.reaxys.com/reaxys/secured/hopinto.do?context=R&query=RX.ID=665373&database=RX&origin=ReaxysOutput&ln=,"Article; Indalkar, Krishna S; Khatri, Chetan K; Chaturbhuj, Ganesh U; Journal of Chemical Sciences; vol. 129; 2; (2017); p. 141 - 148;",7,Other,10 wtpercent sulfated polyborate
28,20,0.416667,water,None,zirconium tetrakis(dodecyl sulfate),96.0,None,1.0,https://www.reaxys.com/reaxys/secured/hopinto.do?context=R&query=RX.ID=665373&database=RX&origin=ReaxysOutput&ln=,"Article; Hasaninejad, Alireza; Zare, Abdolkarim; Zolfigol, Mohammad Ali; Shekouhy, Mohsen; Synthetic Communications; vol. 39; 4; (2009); p. 569 - 579;",7,Other,zirconium tetrakis(dodecyl sulfate)
29,100,2,None,None,silica gel,96.0,Neat (no solvent),1.0,https://www.reaxys.com/reaxys/secured/hopinto.do?context=R&query=RX.ID=665373&database=RX&origin=ReaxysOutput&ln=,"Article; Nandi, Ganesh Chandra; Samai, Subhasis; Kumar, Ram; Singh; Synthetic Communications; vol. 41; 3; (2011); p. 417 - 425;",7,Other,silica gel
30,20,2.5,water,None,"iron(II,III) oxide",96.0,None,1.0,https://www.reaxys.com/reaxys/secured/hopinto.do?context=R&query=RX.ID=665373&database=RX&origin=ReaxysOutput&ln=,"Conference Paper; Lue, Hong-Yan; Yang, Shu-Hong; Deng, Jia; Zhang, Zhan-Hui; Australian Journal of Chemistry; vol. 63; 8; (2010); p. 1290 - 1296;",7,Other,"iron(II,III) oxide"
31,130,0.5,None,None,None,96.0,Ionic liquid; Microwave irradiation,1.0,https://www.reaxys.com/reaxys/secured/hopinto.do?context=R&query=RX.ID=665373&database=RX&origin=ReaxysOutput&ln=,"Article; Zare, Abdolkarim; Hasaninejad, Alireza; Parhami, Abolfath; Moosavi-Zare, Ahmad Reza; Khedri, Fatemeh; Parsaee, Zahra; Abdolalipoor-Saretoli, Maasoomeh; Khedri, Maasoomeh; Roshankar, Mehrnoosh; Deisi, Hanafieh; Journal of the Serbian Chemical Society; vol. 75; 10; (2010); p. 1315 - 1324;",7,Other,None
32,20,0.15,ethanol,None,ZnO-beta-zeolite,96.0,None,1.0,https://www.reaxys.com/reaxys/secured/hopinto.do?context=R&query=RX.ID=665373&database=RX&origin=ReaxysOutput&ln=,"Article; Katkar, Santosh S.; Mohite, Pravinkumar H.; Gadekar, Lakshman S.; Arbad, Balasaheb R.; Lande, Machhindra K.; Central European Journal of Chemistry; vol. 8; 2; (2010); p. 320 - 325;",7,Other,ZnO-beta-zeolite
33,20,0.133333,None,None,nano-BF3*SiO2,96.0,Neat (no solvent),1.0,https://www.reaxys.com/reaxys/secured/hopinto.do?context=R&query=RX.ID=665373&database=RX&origin=ReaxysOutput&ln=,Article; Mirjalili; Bamoniri; Akbari; Chemistry of Heterocyclic Compounds; vol. 47; 4; (2011); p. 487 - 491;,7,Other,nano-BF3*SiO2
34,25,0.0833333,ethanol,None,ziconium(IV) oxychloride octahydrate,96.0,None,1.0,https://www.reaxys.com/reaxys/secured/hopinto.do?context=R&query=RX.ID=665373&database=RX&origin=ReaxysOutput&ln=,"Article; Jafarpour, Maasoumeh; Rezaeifard, Abdolreza; Heidari, Mahdieh; Letters in Organic Chemistry; vol. 8; 3; (2011); p. 202 - 209;",7,Other,ziconium(IV) oxychloride octahydrate
35,20,0.3,ethanol,None,polyaniline/SiO2,96.0,None,1.0,https://www.reaxys.com/reaxys/secured/hopinto.do?context=R&query=RX.ID=665373&database=RX&origin=ReaxysOutput&ln=,"Article; Yelwande, Ajeet A.; Navgire, Madhukar E.; Arbad, Balasaheb R.; Lande, MacHhindra K.; Journal of the Chinese Chemical Society; vol. 59; 8; (2012); p. 995 - 1000;",7,Other,polyaniline/SiO2
36,120,0.666667,None,None,None,96.0,Green chemistry,1.0,https://www.reaxys.com/reaxys/secured/hopinto.do?context=R&query=RX.ID=665373&database=RX&origin=ReaxysOutput&ln=,"Article; Huang, Tie-Qiang; Qu, Wen-Yan; Ding, Jin-Chang; Liu, Miao-Chang; Wu, Hua-Yue; Chen, Jiu-Xi; Journal of Heterocyclic Chemistry; vol. 50; 2; (2013); p. 293 - 297;",7,Other,None
37,60,0.0666667,ethanol,None,molybdenum(VI) trioxide,96.0,Green chemistry,1.0,https://www.reaxys.com/reaxys/secured/hopinto.do?context=R&query=RX.ID=665373&database=RX&origin=ReaxysOutput&ln=,"Article; Jafarpour, Maasoumeh; Rezaeifard, Abdolreza; Ghahramaninezhad, Mahboube; Tabibi, Tooba; New Journal of Chemistry; vol. 37; 7; (2013); p. 2087 - 2095;",7,Other,molybdenum(VI) trioxide
38, 60, 0.1,ethanol; ethanol,None,zirconium dioxide,96.0,None,1.0,https://www.reaxys.com/reaxys/secured/hopinto.do?context=R&query=RX.ID=665373&database=RX&origin=ReaxysOutput&ln=,"Article; Jafarpour, Maasoumeh; Rezapour, Elham; Ghahramaninezhad, Mahboobe; Rezaeifard, Abdolreza; New Journal of Chemistry; vol. 38; 2; (2014); p. 676 - 682;",7,Other,zirconium dioxide
39,20,0.0833333,ethanol,None,H3PMo12O40 nanoparticles immobilized on imidazole functionalized core-shell Fe3O4-SiO2 nanoparticle,96.0,Green chemistry,1.0,https://www.reaxys.com/reaxys/secured/hopinto.do?context=R&query=RX.ID=665373&database=RX&origin=ReaxysOutput&ln=,"Article; Javidi, Jaber; Esmaeilpour, Mohsen; Materials Research Bulletin; vol. 73; (2016); p. 409 - 422;",7,Other,H3PMo12O40 nanoparticles immobilized on imidazole functionalized core-shell Fe3O4-SiO2 nanoparticle
40,20,5,ethyl acetate,None,"2,4,6-tripropyl-1,3,5,2,4,6-trioxatriphosphinane-2,4,6-trioxide",96.0,None,1.0,https://www.reaxys.com/reaxys/secured/hopinto.do?context=R&query=RX.ID=665373&database=RX&origin=ReaxysOutput&ln=,"Article; Harsha, Kachigere B.; Rangappa, Kanchugarkoppal S.; RSC Advances; vol. 6; 62; (2016); p. 57154 - 57162;",7,Other,"2,4,6-tripropyl-1,3,5,2,4,6-trioxatriphosphinane-2,4,6-trioxide"
41,20,0.75,neat (no solvent),None,Bronsted acidic ionic liquid supported on nano silica,96.0,Green chemistry,1.0,https://www.reaxys.com/reaxys/secured/hopinto.do?context=R&query=RX.ID=665373&database=RX&origin=ReaxysOutput&ln=,"Article; Daragahi, Seyed Arash Hosseini; Mohebat, Razieh; Mosslemin, Mohammad Hossein; Organic Preparations and Procedures International; vol. 50; 3; (2018); p. 301 - 313;",7,Other,Bronsted acidic ionic liquid supported on nano silica
42,25,0.0833333,acetonitrile,iodine,None,95.0,None,1.0,https://www.reaxys.com/reaxys/secured/hopinto.do?context=R&query=RX.ID=665373&database=RX&origin=ReaxysOutput&ln=,"Article; More, Shivaji V.; Sastry; Wang, Chieh-Chieh; Yao, Ching-Fa; Tetrahedron Letters; vol. 46; 37; (2005); p. 6345 - 6348;",7,Other,iodine
43,20,0.25,None,None,1-butylimidazolium tetrafluoroborate,95.0,None,1.0,https://www.reaxys.com/reaxys/secured/hopinto.do?context=R&query=RX.ID=665373&database=RX&origin=ReaxysOutput&ln=,"Article; Potewar, Taterao M.; Ingale, Sachin A.; Srinivasan, Kumar V.; Synthetic Communications; vol. 38; 21; (2008); p. 3601 - 3612;",7,Other,1-butylimidazolium tetrafluoroborate
44,20,0.116667,water,None,bismuth(lll) trifluoromethanesulfonate,95.0,None,1.0,https://www.reaxys.com/reaxys/secured/hopinto.do?context=R&query=RX.ID=665373&database=RX&origin=ReaxysOutput&ln=,"Article; Yadav, Jhillu S.; Subba Reddy, Basi V.; Premalatha, Kokku; Shankar, Kattela Shiva; Synthesis; 23; (2008); p. 3787 - 3792;",7,Other,bismuth(lll) trifluoromethanesulfonate
45,20,0.25,water,None,1-methyl-3-(4-sulfobutyl)-1H-imidazol-3-ium hydrogensulfate,95.0,None,1.0,https://www.reaxys.com/reaxys/secured/hopinto.do?context=R&query=RX.ID=665373&database=RX&origin=ReaxysOutput&ln=,"Article; Beheshtiha, Yahya S.; Heravi, Majid M.; Saeedi, Mina; Karimi, Narges; Zakeri, Masumeh; Tavakoli-Hossieni, Niloofar; Synthetic Communications; vol. 40; 8; (2010); p. 1216 - 1223;",7,Other,1-methyl-3-(4-sulfobutyl)-1H-imidazol-3-ium hydrogensulfate
46,20,0.0333333,ethanol,None,niobium pentachloride,95.0,None,1.0,https://www.reaxys.com/reaxys/secured/hopinto.do?context=R&query=RX.ID=665373&database=RX&origin=ReaxysOutput&ln=,"Article; Hou, Jun-Tao; Liu, Yong-Hui; Zhang, Zhan-Hui; Journal of Heterocyclic Chemistry; vol. 47; 3; (2010); p. 703 - 706;",7,Other,niobium pentachloride
47,20,1,ethanol,None,solid phase supported zirconium(IV) complex,95.0,None,1.0,https://www.reaxys.com/reaxys/secured/hopinto.do?context=R&query=RX.ID=665373&database=RX&origin=ReaxysOutput&ln=,"Article; Sharma; Sharma, Chetna; Catalysis Communications; vol. 12; 5; (2011); p. 327 - 331;",7,Other,solid phase supported zirconium(IV) complex
48,80,0.0666667,None,None,aluminum oxide,95.0,Neat (no solvent),1.0,https://www.reaxys.com/reaxys/secured/hopinto.do?context=R&query=RX.ID=665373&database=RX&origin=ReaxysOutput&ln=,"Article; Jafarpour, Maasoumeh; Rezaeifard, Abdolreza; Danehchin, Maryam; Applied Catalysis A: General; vol. 394; 1-2; (2011); p. 48 - 51;",7,Other,aluminum oxide
49,20,0.166667,None,None,titanium(IV) oxide,95.0,None,1.0,https://www.reaxys.com/reaxys/secured/hopinto.do?context=R&query=RX.ID=665373&database=RX&origin=ReaxysOutput&ln=,"Article; Mirjalili, Bi Bi Fatemeh; Akbari, Ali; Chinese Chemical Letters; vol. 22; 6; (2011); p. 753 - 756;",7,Other,titanium(IV) oxide
50,25,0.25,"1,2-dichloro-ethane",None,titanium(IV) oxide,95.0,None,1.0,https://www.reaxys.com/reaxys/secured/hopinto.do?context=R&query=RX.ID=665373&database=RX&origin=ReaxysOutput&ln=,"Article; Alinezhad, Heshmatollah; Tajbakhsh, Mahmood; Salehian, Fatemeh; Biparva, Pourya; Bulletin of the Korean Chemical Society; vol. 32; 10; (2011); p. 3720 - 3725;",7,Other,titanium(IV) oxide
51,75,4,glycerol,None,cerium(III) chloride heptahydrate,95.0,None,1.0,https://www.reaxys.com/reaxys/secured/hopinto.do?context=R&query=RX.ID=665373&database=RX&origin=ReaxysOutput&ln=,Article; Venkat Narsaiah; Kranthi Kumar; Synthetic Communications; vol. 42; 6; (2012); p. 883 - 892;,7,Other,cerium(III) chloride heptahydrate
52,20,0.166667,None,None,1-butyl-3-methylimidazolium Tetrafluoroborate,95.1,Neat (no solvent),1.0,https://www.reaxys.com/reaxys/secured/hopinto.do?context=R&query=RX.ID=665373&database=RX&origin=ReaxysOutput&ln=,"Article; Li, Chao; Guo, Tao; Zhou, Xin; Wang, Chun; Ma, Jing-Jun; Hao, Hong-Jing; Bulletin of the Chemical Society of Ethiopia; vol. 25; 3; (2011); p. 455 - 460;",7,Other,1-butyl-3-methylimidazolium Tetrafluoroborate
53,80,0.0833333,neat (no solvent),None,"N,N,N?,N?-tetrabromobenzene-1,3-disulfonamide",95.0,None,1.0,https://www.reaxys.com/reaxys/secured/hopinto.do?context=R&query=RX.ID=665373&database=RX&origin=ReaxysOutput&ln=,"Article; Ghorbani-Vaghei, Ramin; Hajinazari, Somaye; Journal of Chemical Sciences; vol. 125; 2; (2013); p. 353 - 358;",7,Other,"N,N,N?,N?-tetrabromobenzene-1,3-disulfonamide"
54,20,0.0833333,water,None,Tween 40,95.0,Green chemistry,1.0,https://www.reaxys.com/reaxys/secured/hopinto.do?context=R&query=RX.ID=665373&database=RX&origin=ReaxysOutput&ln=,"Article; Kumar, Dinesh; Seth, Kapileswar; Kommi, Damodara N.; Bhagat, Srikant; Chakraborti, Asit K.; RSC Advances; vol. 3; 35; (2013); p. 15157 - 15168;",7,Other,Tween 40
55,90,0.0666667,glycerol,None,None,95.0,Microwave irradiation; Green chemistry,1.0,https://www.reaxys.com/reaxys/secured/hopinto.do?context=R&query=RX.ID=665373&database=RX&origin=ReaxysOutput&ln=,"Article; Zhou; Zhang; Sun; Wang; Wang; Bai; Russian Chemical Bulletin; vol. 62; 5; (2013); p. 1244 - 1247; Izv. Akad. Nauk, Ser. Khim.; vol. 5; (2013); p. 1244 - 1247;",7,Other,None
56,20,1,water,None,"(2,3,4,5,6-pentafluorophenyl)ammonium triflate",95.0,Green chemistry,1.0,https://www.reaxys.com/reaxys/secured/hopinto.do?context=R&query=RX.ID=665373&database=RX&origin=ReaxysOutput&ln=,"Article; Khaksar, Samad; Radpeyma, Hanieh; Comptes Rendus Chimie; vol. 17; 10; (2014); p. 1023 - 1027;",7,Other,"(2,3,4,5,6-pentafluorophenyl)ammonium triflate"
57,20,0.166667,neat (no solvent),None,None,95.0,Green chemistry,1.0,https://www.reaxys.com/reaxys/secured/hopinto.do?context=R&query=RX.ID=665373&database=RX&origin=ReaxysOutput&ln=,"Article; Bamoniri, Abdolhamid; Mirjalili, Bibi Fatemeh; Karbasizadeh, Hassan; Journal of the Chilean Chemical Society; vol. 60; 1; (2015); p. 2851 - 2856;",7,Other,None
58, 60, 0.0333333,ethanol; ethanol,None,ZrOL2(at)SMNP,95.0,None,1.0,https://www.reaxys.com/reaxys/secured/hopinto.do?context=R&query=RX.ID=665373&database=RX&origin=ReaxysOutput&ln=,"Article; Jafarpour, Maasoumeh; Rezaeifard, Abdolreza; Transition Metal Chemistry; vol. 41; 2; (2016); p. 205 - 211;",7,Other,ZrOL2(at)SMNP
59,20,1,water,None,PVPP*OTf,95.0,None,1.0,https://www.reaxys.com/reaxys/secured/hopinto.do?context=R&query=RX.ID=665373&database=RX&origin=ReaxysOutput&ln=,"Article; Khaksar, Samad; Tajbakhsh, Mahmoud; Gholami, Milad; Rostamnezhad, Fariba; Chinese Chemical Letters; vol. 25; 9; (2014); p. 1287 - 1290;",7,Other,PVPP*OTf
60,20,0.333333,ethanol,None,oxovanadium(IV) sulfate,95.0,Green chemistry,1.0,https://www.reaxys.com/reaxys/secured/hopinto.do?context=R&query=RX.ID=665373&database=RX&origin=ReaxysOutput&ln=,"Article; Digwal, Chander Singh; Yadav, Upasana; Sakla, Akash P.; Sri Ramya; Aaghaz, Shams; Kamal, Ahmed; Tetrahedron Letters; vol. 57; 36; (2016); p. 4012 - 4016;",7,Other,oxovanadium(IV) sulfate
61,20,1,None,None,potassium fluoride on basic alumina,94.0,None,1.0,https://www.reaxys.com/reaxys/secured/hopinto.do?context=R&query=RX.ID=665373&database=RX&origin=ReaxysOutput&ln=,"Article; Paul, Susmita; Basu, Basudeb; Tetrahedron Letters; vol. 52; 49; (2011); p. 6597 - 6602;",7,Other,potassium fluoride on basic alumina
62,20,0.166667,acetonitrile,None,niobium pentachloride,94.0,None,1.0,https://www.reaxys.com/reaxys/secured/hopinto.do?context=R&query=RX.ID=665373&database=RX&origin=ReaxysOutput&ln=,"Article; Kidwai, Mazaahir; Mishra, Neeraj Kumar; Bhatnagar, Divya; Jahan, Anwar; Asian Journal of Chemistry; vol. 23; 11; (2011); p. 5051 - 5054;",7,Other,niobium pentachloride
63,20,0.25,water,None,1-(propyl-3-sulfonate) 3-methylimidazol(3H)-1-ium phosphotungstate,94.0,None,1.0,https://www.reaxys.com/reaxys/secured/hopinto.do?context=R&query=RX.ID=665373&database=RX&origin=ReaxysOutput&ln=,"Article; Vahdat, Seyed Mohammad; Baghery, Saeed; Combinatorial Chemistry and High Throughput Screening; vol. 16; 8; (2013); p. 618 - 627;",7,Other,1-(propyl-3-sulfonate) 3-methylimidazol(3H)-1-ium phosphotungstate
64,20,0.0166667,ethanol,None,C20H24Cl2N2O2Zr,94.0,Green chemistry,1.0,https://www.reaxys.com/reaxys/secured/hopinto.do?context=R&query=RX.ID=665373&database=RX&origin=ReaxysOutput&ln=,"Article; Jafarpour, Maasoumeh; Rezaeifard, Abdolreza; Haddad, Reza; Gazkar, Somayeh; Transition Metal Chemistry; vol. 38; 1; (2013); p. 31 - 36;",7,Other,C20H24Cl2N2O2Zr
65,25,0.0333333,methanol,None,toluene-4-sulfonic acid,93.0,None,1.0,https://www.reaxys.com/reaxys/secured/hopinto.do?context=R&query=RX.ID=665373&database=RX&origin=ReaxysOutput&ln=,"Article; Shi, Da-Qing; Dou, Guo-Lan; Synthetic Communications; vol. 38; 19; (2008); p. 3329 - 3337;",7,Other,toluene-4-sulfonic acid
66,100,0.0666667,None,None,None,93.0,Microwave irradiation,1.0,https://www.reaxys.com/reaxys/secured/hopinto.do?context=R&query=RX.ID=665373&database=RX&origin=ReaxysOutput&ln=,"Article; Zhou, Jian-Feng; Gong, Gui-Xia; Zhi, San-Jun; Duan, Xiu-Li; Synthetic Communications; vol. 39; 20; (2009); p. 3743 - 3754;",7,Other,None
67,None,None,ethanol,None,None,93.0,Reflux; Inert atmosphere,1.0,https://www.reaxys.com/reaxys/secured/hopinto.do?context=R&query=RX.ID=665373&database=RX&origin=ReaxysOutput&ln=,"Article; Urban, Slawomir; Ortega, Nuria; Glorius, Frank; Angewandte Chemie - International Edition; vol. 50; 16; (2011); p. 3803 - 3806;",7,Other,None
68,20,0.25,ethanol,None,manganese(ll) chloride,92.0,None,1.0,https://www.reaxys.com/reaxys/secured/hopinto.do?context=R&query=RX.ID=665373&database=RX&origin=ReaxysOutput&ln=,"Article; Heravi, Majid M.; Bakhtiari, Khadijeh; Oskooie, Hossein A.; Taheri, Shima; Heteroatom Chemistry; vol. 19; 2; (2008); p. 218 - 220;",7,Other,manganese(ll) chloride
69,20,0.233333,ethanol,None,Thiamine hydrochloride,92.0,None,1.0,https://www.reaxys.com/reaxys/secured/hopinto.do?context=R&query=RX.ID=665373&database=RX&origin=ReaxysOutput&ln=,"Article; Pawar, Omprakash B.; Chavan, Fulchand R.; Suryawanshi, Venkat S.; Shinde, Vishnu S.; Shinde, Narayan D.; Journal of Chemical Sciences; vol. 125; 1; (2013); p. 159 - 163;",7,Other,Thiamine hydrochloride
70,25,0.25,water,None,propylsulfonic acid functionalized nanozeolite clinoptilolite,92.0,None,1.0,https://www.reaxys.com/reaxys/secured/hopinto.do?context=R&query=RX.ID=665373&database=RX&origin=ReaxysOutput&ln=,"Article; Baghbanian, Seyed Meysam; Chinese Chemical Letters; vol. 26; 9; (2015); p. 1113 - 1116;",7,Other,propylsulfonic acid functionalized nanozeolite clinoptilolite
71,20,1,water,None,aminosulfonic acid,91.0,None,1.0,https://www.reaxys.com/reaxys/secured/hopinto.do?context=R&query=RX.ID=665373&database=RX&origin=ReaxysOutput&ln=,"Article; Li, Zhenjiang; Li, Weisi; Ren, Xinghua; Sun, Yingjie; Shi, Yuhu; Ouyang, Pingkai; Heterocyclic Communications; vol. 13; 2-3; (2007); p. 125 - 130;",7,Other,aminosulfonic acid
72,20,2,dichloromethane,None,aminosulfonic acid,91.0,None,1.0,https://www.reaxys.com/reaxys/secured/hopinto.do?context=R&query=RX.ID=665373&database=RX&origin=ReaxysOutput&ln=,"Article; Li, Zhenjiang; Li, Weisi; Sun, Yingjie; Huang, He; Ouyang, Pingkai; Journal of Heterocyclic Chemistry; vol. 45; 1; (2008); p. 285 - 288;",7,Other,aminosulfonic acid
73,20,0.133333,ethanol; water,None,nitrilo-tris(methylenephosphonic acid),91.0,Green chemistry,1.0,https://www.reaxys.com/reaxys/secured/hopinto.do?context=R&query=RX.ID=665373&database=RX&origin=ReaxysOutput&ln=,"Article; Fathi, Safoura; Sardarian, Ali Reza; Phosphorus, Sulfur and Silicon and the Related Elements; vol. 190; 9; (2015); p. 1471 - 1478;",7,Other,nitrilo-tris(methylenephosphonic acid)
74,90,10,chlorobenzene,None,None,91.0,None,1.0,https://www.reaxys.com/reaxys/secured/hopinto.do?context=R&query=RX.ID=665373&database=RX&origin=ReaxysOutput&ln=,"Article; Dubovtsev, Alexey Yu.; Dar'in, Dmitry V.; Krasavin, Mikhail; Kukushkin, Vadim Yu.; European Journal of Organic Chemistry; vol. 2019; 8; (2019); p. 1856 - 1864;",7,Other,None
75,20,0.833333,dimethyl sulfoxide,iodine,None,90.0,None,1.0,https://www.reaxys.com/reaxys/secured/hopinto.do?context=R&query=RX.ID=665373&database=RX&origin=ReaxysOutput&ln=,"Article; Bhosale, Rajesh S.; Sarda, Swapnil R.; Ardhapure, Suresh S.; Jadhav, Wamanrao N.; Bhusare, Sudhakar R.; Pawar, Rajendra P.; Tetrahedron Letters; vol. 46; 42; (2005); p. 7183 - 7186;",7,Other,iodine
76,90,4,water; glycerol,None,None,90.0,None,1.0,https://www.reaxys.com/reaxys/secured/hopinto.do?context=R&query=RX.ID=665373&database=RX&origin=ReaxysOutput&ln=,"Article; Bachhav, Harshal M.; Bhagat, Saket B.; Telvekar, Vikas N.; Tetrahedron Letters; vol. 52; 43; (2011); p. 5697 - 5701;",7,Other,None
77,20,0.0166667,ethanol,None,citric acid,90.0,None,1.0,https://www.reaxys.com/reaxys/secured/hopinto.do?context=R&query=RX.ID=665373&database=RX&origin=ReaxysOutput&ln=,"Article; Mahesh, Radhakrishnan; Dhar, Arghya Kusum; Sasank T.v.n.v., Tara; Thirunavukkarasu, Sappanimuthu; Devadoss, Thangaraj; Chinese Chemical Letters; vol. 22; 4; (2011); p. 389 - 392;",7,Other,citric acid
78,20,0.416667,None,None,tungstate sulfuric acid,90.0,Neat (no solvent),1.0,https://www.reaxys.com/reaxys/secured/hopinto.do?context=R&query=RX.ID=665373&database=RX&origin=ReaxysOutput&ln=,"Article; Karami, Bahador; Khodabakhshi, Saeed; Nikrooz, Marzieh; Journal of the Chinese Chemical Society; vol. 59; 2; (2012); p. 187 - 192;",7,Other,tungstate sulfuric acid
79,20,0.00416667,ethanol,None,silica supported 12-tungstophosphoric acid nanoparticles,90.0,None,1.0,https://www.reaxys.com/reaxys/secured/hopinto.do?context=R&query=RX.ID=665373&database=RX&origin=ReaxysOutput&ln=,"Article; Abdollahi-Alibeik, Mohammad; Heidari-Torkabad, Ezzat; Comptes Rendus Chimie; vol. 15; 6; (2012); p. 517 - 523;",7,Other,silica supported 12-tungstophosphoric acid nanoparticles
80,None,None,None,None,iodine,90.0,None,1.0,https://www.reaxys.com/reaxys/secured/hopinto.do?context=R&query=RX.ID=665373&database=RX&origin=ReaxysOutput&ln=,"Article; Mamedov, Vakhid A.; Zhukova, Nataliya A.; Syakaev, Victor V.; Gubaidullin, Aidar T.; Beschastnova, Tat'Yana N.; Adgamova, Dil'Bar I.; Samigullina, Aida I.; Latypov, Shamil K.; Tetrahedron; vol. 69; 4; (2013); p. 1403 - 1416;",7,Other,iodine
81,80,0.5,neat (no solvent),None,Cs(cetyltrimethylammonium)2PW12O40,90.0,Green chemistry,1.0,https://www.reaxys.com/reaxys/secured/hopinto.do?context=R&query=RX.ID=665373&database=RX&origin=ReaxysOutput&ln=,"Article; Masteri-Farahani, Majid; Ghorbani, Melika; Ezabadi, Ali; Farrokhinia, Niki; Ghaemmaghami, Atekeh-Sadat; Comptes Rendus Chimie; vol. 17; 11; (2014); p. 1136 - 1143;",7,Other,Cs(cetyltrimethylammonium)2PW12O40
82,20,0.116667,water,None,1-methyl-3-(3-trimethoxysilylpropyl)imidazolium hydrogen sulfate immobilized on cellulose,90.0,Green chemistry,1.0,https://www.reaxys.com/reaxys/secured/hopinto.do?context=R&query=RX.ID=665373&database=RX&origin=ReaxysOutput&ln=,"Article; Moghaddam, Sevil Vaghefi; Valizadeh, Hassan; Journal of the Iranian Chemical Society; vol. 13; 8; (2016); p. 1517 - 1524;",7,Other,1-methyl-3-(3-trimethoxysilylpropyl)imidazolium hydrogen sulfate immobilized on cellulose
83,20,1,ethanol,None,polyvinylimidazole-based Bronsted acidic ionic liquid grafted silica,90.0,None,1.0,https://www.reaxys.com/reaxys/secured/hopinto.do?context=R&query=RX.ID=665373&database=RX&origin=ReaxysOutput&ln=,"Article; Tamami, Bahman; Sardarian, Alireza; Ataollahi, Elaheh; Turkish Journal of Chemistry; vol. 40; 3; (2016); p. 422 - 433;",7,Other,polyvinylimidazole-based Bronsted acidic ionic liquid grafted silica
84,85,4,acetonitrile,None,zinc trifluoromethanesulfonate,89.0,None,1.0,https://www.reaxys.com/reaxys/secured/hopinto.do?context=R&query=RX.ID=665373&database=RX&origin=ReaxysOutput&ln=,"Article; Subrahmanyam, C. Siva; Narayanan; Asian Journal of Chemistry; vol. 23; 3; (2011); p. 1331 - 1333;",7,Other,zinc trifluoromethanesulfonate
85,20,0.5,ethanol,None,None,89.0,Green chemistry,1.0,https://www.reaxys.com/reaxys/secured/hopinto.do?context=R&query=RX.ID=665373&database=RX&origin=ReaxysOutput&ln=,"Article; Delpivo, Camilla; Micheletti, Gabriele; Boga, Carla; Synthesis (Germany); vol. 45; 11; (2013); p. 1546 - 1552;",7,Other,None
86,45,0.25,None,None,alkylsulfonate functionalized metal organic framework,88.0,Sonication,1.0,https://www.reaxys.com/reaxys/secured/hopinto.do?context=R&query=RX.ID=665373&database=RX&origin=ReaxysOutput&ln=,"Article; Andriamitantsoa, Radoelizo S.; Wang, Jingjing; Dong, Wenjun; Gao, Hongyi; Wang, Ge; RSC Advances; vol. 6; 41; (2016); p. 35135 - 35143;",7,Other,alkylsulfonate functionalized metal organic framework
87,20,0.8,ethanol,None,lithium chloride,86.0,None,1.0,https://www.reaxys.com/reaxys/secured/hopinto.do?context=R&query=RX.ID=665373&database=RX&origin=ReaxysOutput&ln=,"Article; Karami, Bahador; Rooydel, Reza; Khodabakhshi, Saeed; Acta Chimica Slovenica; vol. 59; 1; (2012); p. 183 - 188;",7,Other,lithium chloride
88,20,2,chloroform,None,lanthanum(lll) triflate,85.0,None,1.0,https://www.reaxys.com/reaxys/secured/hopinto.do?context=R&query=RX.ID=665373&database=RX&origin=ReaxysOutput&ln=,"Article; Raju, B. China; Ramachandra; Indian Journal of Chemistry - Section B Organic and Medicinal Chemistry; vol. 51; 5; (2012); p. 756 - 759;",7,Other,lanthanum(lll) triflate
89,None,1,acetonitrile,None,ammonium bromide,82.0,Reflux,1.0,https://www.reaxys.com/reaxys/secured/hopinto.do?context=R&query=RX.ID=665373&database=RX&origin=ReaxysOutput&ln=,"Article; Raju, B. China; Theja, N. Dharma; Kumar, J. Ashok; Synthetic Communications; vol. 39; 1; (2009); p. 175 - 188;",7,Other,ammonium bromide
90,20,0.416667,ethanol; water,None,"cobalt(III) 5,10,15,20-tetraarylporphyrin",81.0,None,1.0,https://www.reaxys.com/reaxys/secured/hopinto.do?context=R&query=RX.ID=665373&database=RX&origin=ReaxysOutput&ln=,"Article; Mohammadi, Khosro; Hasaninejad, Alireza; Niad, Mahmud; Najmi, Mojtaba; Journal of Porphyrins and Phthalocyanines; vol. 14; 12; (2010); p. 1052 - 1058;",7,Other,"cobalt(III) 5,10,15,20-tetraarylporphyrin"
91,20,2.5,ethanol; water,None,manganese(II) ferrite; oxygen,70.0,Green chemistry,1.0,https://www.reaxys.com/reaxys/secured/hopinto.do?context=R&query=RX.ID=665373&database=RX&origin=ReaxysOutput&ln=,"Article; Brahmachari, Goutam; Laskar, Sujay; Barik, Puspendu; RSC Advances; vol. 3; 34; (2013); p. 14245 - 14253;",7,Other,manganese(II) ferrite; oxygen
92,20,8,ethanol,None,zeolite HY,67.0,Green chemistry,1.0,https://www.reaxys.com/reaxys/secured/hopinto.do?context=R&query=RX.ID=665373&database=RX&origin=ReaxysOutput&ln=,"Article; Bodaghifard, Mohammad Ali; Mobinikhaledi, Akbar; Zendehdel, Mojgan; Ayalvar, Zeinab; Revue Roumaine de Chimie; vol. 60; 4; (2015); p. 345 - 348;",7,Other,zeolite HY
93,None,None,None,None,acetic acid,65.0,Heating,1.0,https://www.reaxys.com/reaxys/secured/hopinto.do?context=R&query=RX.ID=665373&database=RX&origin=ReaxysOutput&ln=,Article; Dailey; Feast; Peace; Sage; Till; Wood; Journal of Materials Chemistry; vol. 11; 9; (2001); p. 2238 - 2243;,7,Other,acetic acid
94,None,None,None,None,ethanol,None,None,1.0,https://www.reaxys.com/reaxys/secured/hopinto.do?context=R&query=RX.ID=665373&database=RX&origin=ReaxysOutput&ln=,Article; Hinsberg; Justus Liebigs Annalen der Chemie; vol. 237; (1887); p. 339; Justus Liebigs Annalen der Chemie; vol. 292; (1896); p. 246;,7,Other,ethanol
95,140,3,dimethyl sulfoxide,None,None,None,None,1.0,https://www.reaxys.com/reaxys/secured/hopinto.do?context=R&query=RX.ID=665373&database=RX&origin=ReaxysOutput&ln=,"Article; Mousset, Ce?line; Provot, Olivier; Hamze, Abdallah; Bignon, Je?ro?me; Brion, Jean-Daniel; Alami, Moua?d; Tetrahedron; vol. 64; 19; (2008); p. 4287 - 4294;",7,Other,None
96,None,1,None,None,None,None,None,1.0,https://www.reaxys.com/reaxys/secured/hopinto.do?context=R&query=RX.ID=665373&database=RX&origin=ReaxysOutput&ln=,"Article; Lian, Mi; Li, Qi; Zhu, Yanping; Yin, Guodong; Wu, Anxin; Tetrahedron; vol. 68; 47; (2012); p. 9598 - 9605;",7,Other,None
97,20,1.5,"ethyl acetate; N,N-dimethyl-formamide",None,None,None,None,1.0,https://www.reaxys.com/reaxys/secured/hopinto.do?context=R&query=RX.ID=665373&database=RX&origin=ReaxysOutput&ln=,"Article; Lin, Yang; Lei, Xiaoli; Yang, Qin; Yuan, Jiangjun; Ding, Qiuping; Xu, Jingshi; Peng, Yiyuan; Synthesis (Germany); vol. 44; 17; (2012); p. 2699 - 2706;",7,Other,None
98,20,12,dimethyl sulfoxide,None,iodine,None,None,1.0,https://www.reaxys.com/reaxys/secured/hopinto.do?context=R&query=RX.ID=665373&database=RX&origin=ReaxysOutput&ln=,"Article; Xie, Caixia; Zhang, Zeyuan; Yang, Bingchuan; Song, Gaolei; Gao, He; Wen, Leilin; Ma, Chen; Tetrahedron; vol. 71; 12; (2015); p. 1831 - 1837;",7,Other,iodine
99,60,3,neat (no solvent),None,graphene oxide,None,Sealed tube; Green chemistry,1.0,https://www.reaxys.com/reaxys/secured/hopinto.do?context=R&query=RX.ID=665373&database=RX&origin=ReaxysOutput&ln=,"Article; Roy, Babli; Ghosh, Sujit; Ghosh, Pranab; Basu, Basudeb; Tetrahedron Letters; vol. 56; 48; (2015); p. 6762 - 6767;",7,Other,graphene oxide
100,100,1,dimethyl sulfoxide,None,toluene-4-sulfonic acid,None,None,1.0,https://www.reaxys.com/reaxys/secured/hopinto.do?context=R&query=RX.ID=665373&database=RX&origin=ReaxysOutput&ln=,"Article; Zhang, Zeyuan; Xie, Caixia; Feng, Lei; Ma, Chen; Synthetic Communications; vol. 46; 18; (2016); p. 1507 - 1518;",7,Other,toluene-4-sulfonic acid
101,230,0.16666666666666666,water,Acetic acid 5%,None,86.0,None,1.0,None,None,7,Fabian,Acetic acid 5%
0,160.0,0.08333330000000001,methanol; acetic acid,None,None,99.0,Irradiation,1.0,https://www.reaxys.com/reaxys/secured/hopinto.do?context=R&query=RX.ID=734326&database=RX&origin=ReaxysOutput&ln=,"Article; Zhao, Zhijian; Wisnoski, David D.; Wolkenberg, Scott E.; Leister, William H.; Wang, Yi; Lindsley, Craig W.; Tetrahedron Letters; vol. 45; 25; (2004); p. 4873 - 4876;",10,Other,None
1,160.0,0.08333330000000001,methanol,None,acetic acid,99.0,UV-irradiation,1.0,https://www.reaxys.com/reaxys/secured/hopinto.do?context=R&query=RX.ID=734326&database=RX&origin=ReaxysOutput&ln=,"Article; Mamedov, Vakhid A.; Zhukova, Nataliya A.; Syakaev, Victor V.; Gubaidullin, Aidar T.; Beschastnova, Tat'Yana N.; Adgamova, Dil'Bar I.; Samigullina, Aida I.; Latypov, Shamil K.; Tetrahedron; vol. 69; 4; (2013); p. 1403 - 1416;",10,Other,acetic acid
2,20.0,0.75,water,None,Tween 40,85.0,Green chemistry,1.0,https://www.reaxys.com/reaxys/secured/hopinto.do?context=R&query=RX.ID=734326&database=RX&origin=ReaxysOutput&ln=,"Article; Kumar, Dinesh; Seth, Kapileswar; Kommi, Damodara N.; Bhagat, Srikant; Chakraborti, Asit K.; RSC Advances; vol. 3; 35; (2013); p. 15157 - 15168;",10,Other,Tween 40
3,None,None,None,None,ethanol,None,None,1.0,https://www.reaxys.com/reaxys/secured/hopinto.do?context=R&query=RX.ID=734326&database=RX&origin=ReaxysOutput&ln=,Article; Borsche; Stackmann; Makaroff-Semljanski; Chemische Berichte; vol. 49; (1916); p. 2230;,10,Other,ethanol
4,230.0,0.16666666666666666,water,Acetic acid 5%,None,97.0,None,1.0,None,None,10,Fabian,Acetic acid 5%
0,75,1,None,None,None,100.0,None,1.0,https://www.reaxys.com/reaxys/secured/hopinto.do?context=R&query=RX.ID=5251303&database=RX&origin=ReaxysOutput&ln=,"Article; Kaupp, Gerd; Naimi-Jamal, M. Reza; European Journal of Organic Chemistry; 8; (2002); p. 1368 - 1373;",1,Other,None
1,20,0.5,methanol,None,zirconium(IV) chloride,100.0,None,1.0,https://www.reaxys.com/reaxys/secured/hopinto.do?context=R&query=RX.ID=5251303&database=RX&origin=ReaxysOutput&ln=,"Article; Aghapoor, Kioumars; Darabi, Hossein Reza; Mohsenzadeh, Farshid; Balavar, Yadollah; Daneshyar, Hesam; Transition Metal Chemistry; vol. 35; 1; (2010); p. 49 - 53;",1,Other,zirconium(IV) chloride
2,80,2.25,neat (no solvent),None,Cs(cetyltrimethylammonium)2PW12O40,99.0,Green chemistry,1.0,https://www.reaxys.com/reaxys/secured/hopinto.do?context=R&query=RX.ID=5251303&database=RX&origin=ReaxysOutput&ln=,"Article; Masteri-Farahani, Majid; Ghorbani, Melika; Ezabadi, Ali; Farrokhinia, Niki; Ghaemmaghami, Atekeh-Sadat; Comptes Rendus Chimie; vol. 17; 11; (2014); p. 1136 - 1143;",1,Other,Cs(cetyltrimethylammonium)2PW12O40
3,20,0.333333,acetic acid,H6P2W18O62,None,98.0,None,1.0,https://www.reaxys.com/reaxys/secured/hopinto.do?context=R&query=RX.ID=5251303&database=RX&origin=ReaxysOutput&ln=,"Article; Heravi, Majid M.; Bakhtiari, Khadijeh; Bamoharram, Fatemeh F.; Tehrani, Maryam H.; Monatshefte fur Chemie; vol. 138; 5; (2007); p. 465 - 467;",1,Other,H6P2W18O62
4,20,0.15,ethanol,None,ZnO-beta-zeolite,98.0,None,1.0,https://www.reaxys.com/reaxys/secured/hopinto.do?context=R&query=RX.ID=5251303&database=RX&origin=ReaxysOutput&ln=,"Article; Katkar, Santosh S.; Mohite, Pravinkumar H.; Gadekar, Lakshman S.; Arbad, Balasaheb R.; Lande, Machhindra K.; Central European Journal of Chemistry; vol. 8; 2; (2010); p. 320 - 325;",1,Other,ZnO-beta-zeolite
5,20,0.5,methanol,None,silica-supported stannous chloride,98.0,None,1.0,https://www.reaxys.com/reaxys/secured/hopinto.do?context=R&query=RX.ID=5251303&database=RX&origin=ReaxysOutput&ln=,"Article; Darabi, Hossein Reza; Aghapoor, Kioumars; Mohsenzadeh, Farshid; Jalali, Mohammad Reza; Talebian, Shiva; Ebadi-Nia, Leila; Khatamifar, Ehsan; Aghaee, Ali; Bulletin of the Korean Chemical Society; vol. 32; 1; (2011); p. 213 - 218;",1,Other,silica-supported stannous chloride
6,25,0.416667,methanol,None,vitamin B1,98.0,Sonication,1.0,https://www.reaxys.com/reaxys/secured/hopinto.do?context=R&query=RX.ID=5251303&database=RX&origin=ReaxysOutput&ln=,"Article; Aghapoor, Kioumars; Mohsenzadeh, Farshid; Talebian, Shiva; Tehrani, Mohammad Jafar; Balavar, Yadollah; Khanalizadeh, Golriz; Darabi, Hossein Reza; Monatshefte fur Chemie; vol. 142; 6; (2011); p. 619 - 624;",1,Other,vitamin B1
7,None,3,water,None,zirconium oxide salicylaldehyde-(3-aminopropyl)trimethoxysilane imine complex modified SBA-15,98.0,Reflux,1.0,https://www.reaxys.com/reaxys/secured/hopinto.do?context=R&query=RX.ID=5251303&database=RX&origin=ReaxysOutput&ln=,"Article; Malakooti, Reihaneh; Bardajee, Ghasem Rezanejade; Mahmoudi, Hesamaldin; Kakavand, Nahale; Catalysis Letters; vol. 143; 8; (2013); p. 853 - 861;",1,Other,zirconium oxide salicylaldehyde-(3-aminopropyl)trimethoxysilane imine complex modified SBA-15
8,20,0.5,methanol,None,silica-supported bismuth(III) chloride,98.0,None,1.0,https://www.reaxys.com/reaxys/secured/hopinto.do?context=R&query=RX.ID=5251303&database=RX&origin=ReaxysOutput&ln=,"Article; Aghapoor, Kioumars; Mohsenzadeh, Farshid; Shakeri, Atena; Darabi, Hossein Reza; Ghassemzadeh, Mitra; Neumueller, Bernhard; Journal of Organometallic Chemistry; vol. 743; (2013); p. 170 - 178;",1,Other,silica-supported bismuth(III) chloride
9,None,0.5,water,None,SBA-15 mesoporous silica supported Fe(III)-Schiff base,98.0,Reflux,1.0,https://www.reaxys.com/reaxys/secured/hopinto.do?context=R&query=RX.ID=5251303&database=RX&origin=ReaxysOutput&ln=,"Article; Malakooti, Reihaneh; Bardajee, Ghasem Rezanejade; Hadizadeh, Somayyeh; Atashin, Hassan; Khanjari, Hadiseh; Transition Metal Chemistry; vol. 39; 1; (2014); p. 47 - 54;",1,Other,SBA-15 mesoporous silica supported Fe(III)-Schiff base
10,20,0.2,ethanol,None,potassium hydrogensulfate,97.0,None,1.0,https://www.reaxys.com/reaxys/secured/hopinto.do?context=R&query=RX.ID=5251303&database=RX&origin=ReaxysOutput&ln=,"Article; Oskooie, Hossein A.; Heravi, Majid M.; Bakhtiari, Khadijeh; Taheri, Shima; Monatshefte fur Chemie; vol. 138; 9; (2007); p. 875 - 877;",1,Other,potassium hydrogensulfate
11,20,0.3,ethanol,None,polyaniline/SiO2,97.0,None,1.0,https://www.reaxys.com/reaxys/secured/hopinto.do?context=R&query=RX.ID=5251303&database=RX&origin=ReaxysOutput&ln=,"Article; Yelwande, Ajeet A.; Navgire, Madhukar E.; Arbad, Balasaheb R.; Lande, MacHhindra K.; Journal of the Chinese Chemical Society; vol. 59; 8; (2012); p. 995 - 1000;",1,Other,polyaniline/SiO2
12,None,20.5,water,None,Cu(II)-Schiff base/SBA-15,97.0,Reflux,1.0,https://www.reaxys.com/reaxys/secured/hopinto.do?context=R&query=RX.ID=5251303&database=RX&origin=ReaxysOutput&ln=,"Article; Bardajee, Ghasem Rezanejade; Malakooti, Reihaneh; Jami, Fereshteh; Parsaei, Zeinab; Atashin, Hassan; Catalysis Communications; vol. 27; (2012); p. 49 - 53;",1,Other,Cu(II)-Schiff base/SBA-15
13,20,0.583333,ethanol,None,C20H24Cl2N2O2Zr,97.0,Green chemistry,1.0,https://www.reaxys.com/reaxys/secured/hopinto.do?context=R&query=RX.ID=5251303&database=RX&origin=ReaxysOutput&ln=,"Article; Jafarpour, Maasoumeh; Rezaeifard, Abdolreza; Haddad, Reza; Gazkar, Somayeh; Transition Metal Chemistry; vol. 38; 1; (2013); p. 31 - 36;",1,Other,C20H24Cl2N2O2Zr
14,25,1,"1,2-dichloro-ethane",None,titanium(IV) oxide,96.0,None,1.0,https://www.reaxys.com/reaxys/secured/hopinto.do?context=R&query=RX.ID=5251303&database=RX&origin=ReaxysOutput&ln=,"Article; Alinezhad, Heshmatollah; Tajbakhsh, Mahmood; Salehian, Fatemeh; Biparva, Pourya; Bulletin of the Korean Chemical Society; vol. 32; 10; (2011); p. 3720 - 3725;",1,Other,titanium(IV) oxide
15, 60, 0.1,ethanol; ethanol,None,zirconium dioxide,96.0,None,1.0,https://www.reaxys.com/reaxys/secured/hopinto.do?context=R&query=RX.ID=5251303&database=RX&origin=ReaxysOutput&ln=,"Article; Jafarpour, Maasoumeh; Rezapour, Elham; Ghahramaninezhad, Mahboobe; Rezaeifard, Abdolreza; New Journal of Chemistry; vol. 38; 2; (2014); p. 676 - 682;",1,Other,zirconium dioxide
16,20,5,ethyl acetate,None,"2,4,6-tripropyl-1,3,5,2,4,6-trioxatriphosphinane-2,4,6-trioxide",96.0,None,1.0,https://www.reaxys.com/reaxys/secured/hopinto.do?context=R&query=RX.ID=5251303&database=RX&origin=ReaxysOutput&ln=,"Article; Harsha, Kachigere B.; Rangappa, Kanchugarkoppal S.; RSC Advances; vol. 6; 62; (2016); p. 57154 - 57162;",1,Other,"2,4,6-tripropyl-1,3,5,2,4,6-trioxatriphosphinane-2,4,6-trioxide"
17,80,0.416667,None,None,aluminum oxide,95.0,Neat (no solvent),1.0,https://www.reaxys.com/reaxys/secured/hopinto.do?context=R&query=RX.ID=5251303&database=RX&origin=ReaxysOutput&ln=,"Article; Jafarpour, Maasoumeh; Rezaeifard, Abdolreza; Danehchin, Maryam; Applied Catalysis A: General; vol. 394; 1-2; (2011); p. 48 - 51;",1,Other,aluminum oxide
18,25,0.25,ethanol,None,ziconium(IV) oxychloride octahydrate,95.0,None,1.0,https://www.reaxys.com/reaxys/secured/hopinto.do?context=R&query=RX.ID=5251303&database=RX&origin=ReaxysOutput&ln=,"Article; Jafarpour, Maasoumeh; Rezaeifard, Abdolreza; Heidari, Mahdieh; Letters in Organic Chemistry; vol. 8; 3; (2011); p. 202 - 209;",1,Other,ziconium(IV) oxychloride octahydrate
19,80,0.0833333,neat (no solvent),None,"N,N,N?,N?-tetrabromobenzene-1,3-disulfonamide",95.0,None,1.0,https://www.reaxys.com/reaxys/secured/hopinto.do?context=R&query=RX.ID=5251303&database=RX&origin=ReaxysOutput&ln=,"Article; Ghorbani-Vaghei, Ramin; Hajinazari, Somaye; Journal of Chemical Sciences; vol. 125; 2; (2013); p. 353 - 358;",1,Other,"N,N,N?,N?-tetrabromobenzene-1,3-disulfonamide"
20,60,0.166667,ethanol,None,molybdenum(VI) trioxide,95.0,Green chemistry,1.0,https://www.reaxys.com/reaxys/secured/hopinto.do?context=R&query=RX.ID=5251303&database=RX&origin=ReaxysOutput&ln=,"Article; Jafarpour, Maasoumeh; Rezaeifard, Abdolreza; Ghahramaninezhad, Mahboube; Tabibi, Tooba; New Journal of Chemistry; vol. 37; 7; (2013); p. 2087 - 2095;",1,Other,molybdenum(VI) trioxide
21,20,0.25,neat (no solvent),None,None,95.0,Green chemistry,1.0,https://www.reaxys.com/reaxys/secured/hopinto.do?context=R&query=RX.ID=5251303&database=RX&origin=ReaxysOutput&ln=,"Article; Bamoniri, Abdolhamid; Mirjalili, Bibi Fatemeh; Karbasizadeh, Hassan; Journal of the Chilean Chemical Society; vol. 60; 1; (2015); p. 2851 - 2856;",1,Other,None
22,25,0.05,acetonitrile,iodine,None,94.0,None,1.0,https://www.reaxys.com/reaxys/secured/hopinto.do?context=R&query=RX.ID=5251303&database=RX&origin=ReaxysOutput&ln=,"Article; More, Shivaji V.; Sastry; Wang, Chieh-Chieh; Yao, Ching-Fa; Tetrahedron Letters; vol. 46; 37; (2005); p. 6345 - 6348;",1,Other,iodine
23,25,0.0833333,methanol,None,toluene-4-sulfonic acid,94.0,None,1.0,https://www.reaxys.com/reaxys/secured/hopinto.do?context=R&query=RX.ID=5251303&database=RX&origin=ReaxysOutput&ln=,"Article; Shi, Da-Qing; Dou, Guo-Lan; Synthetic Communications; vol. 38; 19; (2008); p. 3329 - 3337;",1,Other,toluene-4-sulfonic acid
24,20,0.166667,None,None,aluminum oxide,94.0,neat (no solvent),1.0,https://www.reaxys.com/reaxys/secured/hopinto.do?context=R&query=RX.ID=5251303&database=RX&origin=ReaxysOutput&ln=,"Article; Li, Jun; Jiang, Dan-Na; Chen, Jiu-Xi; Liu, Miao-Chang; Ding, Jin-Chang; Wu, Hua-Yue; Journal of Heterocyclic Chemistry; vol. 48; 2; (2011); p. 403 - 406;",1,Other,aluminum oxide
25,20,0.133333,None,None,nano-BF3*SiO2,94.0,Neat (no solvent),1.0,https://www.reaxys.com/reaxys/secured/hopinto.do?context=R&query=RX.ID=5251303&database=RX&origin=ReaxysOutput&ln=,Article; Mirjalili; Bamoniri; Akbari; Chemistry of Heterocyclic Compounds; vol. 47; 4; (2011); p. 487 - 491;,1,Other,nano-BF3*SiO2
26,50,0.666667,water; acetonitrile,None,rice husk,94.0,Green chemistry,1.0,https://www.reaxys.com/reaxys/secured/hopinto.do?context=R&query=RX.ID=5251303&database=RX&origin=ReaxysOutput&ln=,"Article; Shirini, Farhad; Akbari-Dadamahaleh, Somayeh; Mohammad-Khah, Ali; Aliakbar, Ali-Reza; Comptes Rendus Chimie; vol. 16; 3; (2013); p. 207 - 216;",1,Other,rice husk
27,20,0.3,water,None,1-(propyl-3-sulfonate) 3-methylimidazol(3H)-1-ium phosphotungstate,94.0,None,1.0,https://www.reaxys.com/reaxys/secured/hopinto.do?context=R&query=RX.ID=5251303&database=RX&origin=ReaxysOutput&ln=,"Article; Vahdat, Seyed Mohammad; Baghery, Saeed; Combinatorial Chemistry and High Throughput Screening; vol. 16; 8; (2013); p. 618 - 627;",1,Other,1-(propyl-3-sulfonate) 3-methylimidazol(3H)-1-ium phosphotungstate
28,25,1,ethanol,None,acetic acid,94.0,Irradiation,1.0,https://www.reaxys.com/reaxys/secured/hopinto.do?context=R&query=RX.ID=5251303&database=RX&origin=ReaxysOutput&ln=,"Article; Cogo, Juliana; Kaplum, Vanessa; Sangi, Diego Pereira; Ueda-Nakamura, Tnia; Corra, Arlene Gonalves; Nakamura, Celso Vataru; European Journal of Medicinal Chemistry; vol. 90; (2014); p. 107 - 123;",1,Other,acetic acid
29,25,1,ethanol,None,acetic acid,94.0,Sonication,1.0,https://www.reaxys.com/reaxys/secured/hopinto.do?context=R&query=RX.ID=5251303&database=RX&origin=ReaxysOutput&ln=,"Article; Cogo, Juliana; Kaplum, Vanessa; Sangi, Diego Pereira; Ueda-Nakamura, Tania; Correa, Arlene Goncalves; Nakamura, Celso Vataru; European Journal of Medicinal Chemistry; vol. 90; (2015); p. 107 - 123;",1,Other,acetic acid
30,20,0.25,ethanol,None,H3PMo12O40 nanoparticles immobilized on imidazole functionalized core-shell Fe3O4-SiO2 nanoparticle,94.0,Green chemistry,1.0,https://www.reaxys.com/reaxys/secured/hopinto.do?context=R&query=RX.ID=5251303&database=RX&origin=ReaxysOutput&ln=,"Article; Javidi, Jaber; Esmaeilpour, Mohsen; Materials Research Bulletin; vol. 73; (2016); p. 409 - 422;",1,Other,H3PMo12O40 nanoparticles immobilized on imidazole functionalized core-shell Fe3O4-SiO2 nanoparticle
31,25,1,ethanol,None,acetic acid,94.0,Irradiation,1.0,https://www.reaxys.com/reaxys/secured/hopinto.do?context=R&query=RX.ID=5251303&database=RX&origin=ReaxysOutput&ln=,"Article; Sangi, Diego P.; Cominetti, Marcia R.; Becceneri, Amanda B.; Resende, Flavia A.; Varanda, Eliana A.; Montanari, Carlos A.; Paixao, Marcio W.; Correa, Arlene G.; Medicinal Chemistry; vol. 11; 8; (2015); p. 736 - 746;",1,Other,acetic acid
32, 60, 0.333333,ethanol; ethanol,None,ZrOL2(at)SMNP,94.0,None,1.0,https://www.reaxys.com/reaxys/secured/hopinto.do?context=R&query=RX.ID=5251303&database=RX&origin=ReaxysOutput&ln=,"Article; Jafarpour, Maasoumeh; Rezaeifard, Abdolreza; Transition Metal Chemistry; vol. 41; 2; (2016); p. 205 - 211;",1,Other,ZrOL2(at)SMNP
33,None,1,ethanol,None,acetic acid,94.0,None,1.0,https://www.reaxys.com/reaxys/secured/hopinto.do?context=R&query=RX.ID=5251303&database=RX&origin=ReaxysOutput&ln=,"Article; Kaplum, Vanessa; Cogo, Juliana; Sangi, Diego Pereira; Ueda-Nakamura, Tania; Correa, Arlene Goncalves; Nakamura, Celso Vataru; Antimicrobial Agents and Chemotherapy; vol. 60; 6; (2016); p. 3433 - 3444;",1,Other,acetic acid
34,20,0.25,ethanol,None,manganese(ll) chloride,93.0,None,1.0,https://www.reaxys.com/reaxys/secured/hopinto.do?context=R&query=RX.ID=5251303&database=RX&origin=ReaxysOutput&ln=,"Article; Heravi, Majid M.; Bakhtiari, Khadijeh; Oskooie, Hossein A.; Taheri, Shima; Heteroatom Chemistry; vol. 19; 2; (2008); p. 218 - 220;",1,Other,manganese(ll) chloride
35,20,0.583333,water,None,zirconium tetrakis(dodecyl sulfate),93.0,None,1.0,https://www.reaxys.com/reaxys/secured/hopinto.do?context=R&query=RX.ID=5251303&database=RX&origin=ReaxysOutput&ln=,"Article; Hasaninejad, Alireza; Zare, Abdolkarim; Zolfigol, Mohammad Ali; Shekouhy, Mohsen; Synthetic Communications; vol. 39; 4; (2009); p. 569 - 579;",1,Other,zirconium tetrakis(dodecyl sulfate)
36,None,0.166667,acetonitrile,None,Fe/Al-MCM-41,93.0,Reflux,1.0,https://www.reaxys.com/reaxys/secured/hopinto.do?context=R&query=RX.ID=5251303&database=RX&origin=ReaxysOutput&ln=,"Article; Heravi, Majid M.; Hosseini, Mariam; Oskooie, Hossein A.; Baghernejad, Bita; Journal of the Korean Chemical Society; vol. 55; 2; (2011); p. 235 - 239;",1,Other,Fe/Al-MCM-41
37,20,0.2,ethanol,None,Thiamine hydrochloride,93.0,None,1.0,https://www.reaxys.com/reaxys/secured/hopinto.do?context=R&query=RX.ID=5251303&database=RX&origin=ReaxysOutput&ln=,"Article; Pawar, Omprakash B.; Chavan, Fulchand R.; Suryawanshi, Venkat S.; Shinde, Vishnu S.; Shinde, Narayan D.; Journal of Chemical Sciences; vol. 125; 1; (2013); p. 159 - 163;",1,Other,Thiamine hydrochloride
38,20,0.666667,dimethyl sulfoxide,iodine,None,92.0,None,1.0,https://www.reaxys.com/reaxys/secured/hopinto.do?context=R&query=RX.ID=5251303&database=RX&origin=ReaxysOutput&ln=,"Article; Bhosale, Rajesh S.; Sarda, Swapnil R.; Ardhapure, Suresh S.; Jadhav, Wamanrao N.; Bhusare, Sudhakar R.; Pawar, Rajendra P.; Tetrahedron Letters; vol. 46; 42; (2005); p. 7183 - 7186;",1,Other,iodine
39,20,0.5,water,None,1-methyl-3-(4-sulfobutyl)-1H-imidazol-3-ium hydrogensulfate,92.0,None,1.0,https://www.reaxys.com/reaxys/secured/hopinto.do?context=R&query=RX.ID=5251303&database=RX&origin=ReaxysOutput&ln=,"Article; Beheshtiha, Yahya S.; Heravi, Majid M.; Saeedi, Mina; Karimi, Narges; Zakeri, Masumeh; Tavakoli-Hossieni, Niloofar; Synthetic Communications; vol. 40; 8; (2010); p. 1216 - 1223;",1,Other,1-methyl-3-(4-sulfobutyl)-1H-imidazol-3-ium hydrogensulfate
40,None,None,None,None,iodine,92.0,None,1.0,https://www.reaxys.com/reaxys/secured/hopinto.do?context=R&query=RX.ID=5251303&database=RX&origin=ReaxysOutput&ln=,"Article; Mamedov, Vakhid A.; Zhukova, Nataliya A.; Syakaev, Victor V.; Gubaidullin, Aidar T.; Beschastnova, Tat'Yana N.; Adgamova, Dil'Bar I.; Samigullina, Aida I.; Latypov, Shamil K.; Tetrahedron; vol. 69; 4; (2013); p. 1403 - 1416;",1,Other,iodine
41,100,2,water,None,ziconium(IV) oxychloride octahydrate,92.0,Green chemistry,1.0,https://www.reaxys.com/reaxys/secured/hopinto.do?context=R&query=RX.ID=5251303&database=RX&origin=ReaxysOutput&ln=,"Article; Bardajee, Ghasem Rezanejade; Comptes Rendus Chimie; vol. 16; 10; (2013); p. 872 - 877;",1,Other,ziconium(IV) oxychloride octahydrate
42,100,0.166667,neat (no solvent),None,mesoporous silica SBA-15 functionalized with Cu(II)-DiAmSar complex,92.0,None,1.0,https://www.reaxys.com/reaxys/secured/hopinto.do?context=R&query=RX.ID=5251303&database=RX&origin=ReaxysOutput&ln=,"Article; Mohammadi, Marzieh; Bardajee, Ghasem Rezanejade; Pesyan, Nader Noroozi; Chinese Journal of Catalysis; vol. 36; 8; (2015); p. 1379 - 1386;",1,Other,mesoporous silica SBA-15 functionalized with Cu(II)-DiAmSar complex
43,20,0.333333,None,None,1-butylimidazolium tetrafluoroborate,91.0,None,1.0,https://www.reaxys.com/reaxys/secured/hopinto.do?context=R&query=RX.ID=5251303&database=RX&origin=ReaxysOutput&ln=,"Article; Potewar, Taterao M.; Ingale, Sachin A.; Srinivasan, Kumar V.; Synthetic Communications; vol. 38; 21; (2008); p. 3601 - 3612;",1,Other,1-butylimidazolium tetrafluoroborate
44,None,None,ethanol,None,None,91.0,Reflux,1.0,https://www.reaxys.com/reaxys/secured/hopinto.do?context=R&query=RX.ID=5251303&database=RX&origin=ReaxysOutput&ln=,"Article; Son, Ho-Jin; Han, Won-Sik; Yoo, Dae-Hwan; Min, Kyoung-Tae; Kwon, Soon-Nam; Ko, Jaejung; Kang, Sang Ook; Journal of Organic Chemistry; vol. 74; 8; (2009); p. 3175 - 3178;",1,Other,None
45,20,0.266667,ethanol; water,None,nitrilo-tris(methylenephosphonic acid),91.0,Green chemistry,1.0,https://www.reaxys.com/reaxys/secured/hopinto.do?context=R&query=RX.ID=5251303&database=RX&origin=ReaxysOutput&ln=,"Article; Fathi, Safoura; Sardarian, Ali Reza; Phosphorus, Sulfur and Silicon and the Related Elements; vol. 190; 9; (2015); p. 1471 - 1478;",1,Other,nitrilo-tris(methylenephosphonic acid)
46,80,None,ethanol,None,ZrO2?Al2O3 catalyst,91.0,None,1.0,https://www.reaxys.com/reaxys/secured/hopinto.do?context=R&query=RX.ID=5251303&database=RX&origin=ReaxysOutput&ln=,"Article; Thimmaraju; Shamshuddin, S. Z. Mohamed; RSC Advances; vol. 6; 65; (2016); p. 60231 - 60243;",1,Other,ZrO2?Al2O3 catalyst
47,20,0.75,neat (no solvent),None,Bronsted acidic ionic liquid supported on nano silica,91.0,Green chemistry,1.0,https://www.reaxys.com/reaxys/secured/hopinto.do?context=R&query=RX.ID=5251303&database=RX&origin=ReaxysOutput&ln=,"Article; Daragahi, Seyed Arash Hosseini; Mohebat, Razieh; Mosslemin, Mohammad Hossein; Organic Preparations and Procedures International; vol. 50; 3; (2018); p. 301 - 313;",1,Other,Bronsted acidic ionic liquid supported on nano silica
48,20,0.166667,acetonitrile,None,niobium pentachloride,90.0,None,1.0,https://www.reaxys.com/reaxys/secured/hopinto.do?context=R&query=RX.ID=5251303&database=RX&origin=ReaxysOutput&ln=,"Article; Kidwai, Mazaahir; Mishra, Neeraj Kumar; Bhatnagar, Divya; Jahan, Anwar; Asian Journal of Chemistry; vol. 23; 11; (2011); p. 5051 - 5054;",1,Other,niobium pentachloride
49,120,0.666667,None,None,None,90.0,Green chemistry,1.0,https://www.reaxys.com/reaxys/secured/hopinto.do?context=R&query=RX.ID=5251303&database=RX&origin=ReaxysOutput&ln=,"Article; Huang, Tie-Qiang; Qu, Wen-Yan; Ding, Jin-Chang; Liu, Miao-Chang; Wu, Hua-Yue; Chen, Jiu-Xi; Journal of Heterocyclic Chemistry; vol. 50; 2; (2013); p. 293 - 297;",1,Other,None
50,20,0.333333,water,None,Tween 40,90.0,Green chemistry,1.0,https://www.reaxys.com/reaxys/secured/hopinto.do?context=R&query=RX.ID=5251303&database=RX&origin=ReaxysOutput&ln=,"Article; Kumar, Dinesh; Seth, Kapileswar; Kommi, Damodara N.; Bhagat, Srikant; Chakraborti, Asit K.; RSC Advances; vol. 3; 35; (2013); p. 15157 - 15168;",1,Other,Tween 40
51,20,0.25,None,None,sulfonated rice husk ash,90.0,Green chemistry,1.0,https://www.reaxys.com/reaxys/secured/hopinto.do?context=R&query=RX.ID=5251303&database=RX&origin=ReaxysOutput&ln=,"Article; Shamsi-Sani, Mahnaz; Shirini, Farhad; Abedini, Masoumeh; Seddighi, Mohadeseh; Research on Chemical Intermediates; vol. 42; 2; (2016); p. 1091 - 1099;",1,Other,sulfonated rice husk ash
52,20,2,None,None,potassium fluoride on basic alumina,89.0,None,1.0,https://www.reaxys.com/reaxys/secured/hopinto.do?context=R&query=RX.ID=5251303&database=RX&origin=ReaxysOutput&ln=,"Article; Paul, Susmita; Basu, Basudeb; Tetrahedron Letters; vol. 52; 49; (2011); p. 6597 - 6602;",1,Other,potassium fluoride on basic alumina
53,20,0.216667,None,None,titanium(IV) oxide,89.0,None,1.0,https://www.reaxys.com/reaxys/secured/hopinto.do?context=R&query=RX.ID=5251303&database=RX&origin=ReaxysOutput&ln=,"Article; Mirjalili, Bi Bi Fatemeh; Akbari, Ali; Chinese Chemical Letters; vol. 22; 6; (2011); p. 753 - 756;",1,Other,titanium(IV) oxide
54,None,0.416667,ethanol,None,Polystyrene-Supported AlCl3,89.0,Reflux,1.0,https://www.reaxys.com/reaxys/secured/hopinto.do?context=R&query=RX.ID=5251303&database=RX&origin=ReaxysOutput&ln=,"Article; Rahmatpour, Ali; Heteroatom Chemistry; vol. 23; 5; (2012); p. 472 - 477;",1,Other,Polystyrene-Supported AlCl3
55,90,4,water; glycerol,None,None,87.0,None,1.0,https://www.reaxys.com/reaxys/secured/hopinto.do?context=R&query=RX.ID=5251303&database=RX&origin=ReaxysOutput&ln=,"Article; Bachhav, Harshal M.; Bhagat, Saket B.; Telvekar, Vikas N.; Tetrahedron Letters; vol. 52; 43; (2011); p. 5697 - 5701;",1,Other,None
56,20,0.5,ethanol; water,None,zirconium triflate,87.0,Green chemistry,1.0,https://www.reaxys.com/reaxys/secured/hopinto.do?context=R&query=RX.ID=5251303&database=RX&origin=ReaxysOutput&ln=,"Article; Kolvari, Eskandar; Zolfigol, Mohammad Ali; Koukabi, Nadiya; Gilandust, Maryam; Kordi, Abdol-Vahid; Journal of the Iranian Chemical Society; vol. 10; 6; (2013); p. 1183 - 1191;",1,Other,zirconium triflate
57,45,0.283333,None,None,alkylsulfonate functionalized metal organic framework,87.0,Sonication,1.0,https://www.reaxys.com/reaxys/secured/hopinto.do?context=R&query=RX.ID=5251303&database=RX&origin=ReaxysOutput&ln=,"Article; Andriamitantsoa, Radoelizo S.; Wang, Jingjing; Dong, Wenjun; Gao, Hongyi; Wang, Ge; RSC Advances; vol. 6; 41; (2016); p. 35135 - 35143;",1,Other,alkylsulfonate functionalized metal organic framework
58,20,0.5,None,None,1-butyl-3-methylimidazolium Tetrafluoroborate,86.9,Neat (no solvent),1.0,https://www.reaxys.com/reaxys/secured/hopinto.do?context=R&query=RX.ID=5251303&database=RX&origin=ReaxysOutput&ln=,"Article; Li, Chao; Guo, Tao; Zhou, Xin; Wang, Chun; Ma, Jing-Jun; Hao, Hong-Jing; Bulletin of the Chemical Society of Ethiopia; vol. 25; 3; (2011); p. 455 - 460;",1,Other,1-butyl-3-methylimidazolium Tetrafluoroborate
59,20,1.46667,ethanol,None,silica supported 12-tungstophosphoric acid nanoparticles,86.0,None,1.0,https://www.reaxys.com/reaxys/secured/hopinto.do?context=R&query=RX.ID=5251303&database=RX&origin=ReaxysOutput&ln=,"Article; Abdollahi-Alibeik, Mohammad; Heidari-Torkabad, Ezzat; Comptes Rendus Chimie; vol. 15; 6; (2012); p. 517 - 523;",1,Other,silica supported 12-tungstophosphoric acid nanoparticles
60,20,1,water,None,aminosulfonic acid,82.0,None,1.0,https://www.reaxys.com/reaxys/secured/hopinto.do?context=R&query=RX.ID=5251303&database=RX&origin=ReaxysOutput&ln=,"Article; Li, Zhenjiang; Li, Weisi; Ren, Xinghua; Sun, Yingjie; Shi, Yuhu; Ouyang, Pingkai; Heterocyclic Communications; vol. 13; 2-3; (2007); p. 125 - 130;",1,Other,aminosulfonic acid
61,20,2,dichloromethane,None,aminosulfonic acid,82.0,None,1.0,https://www.reaxys.com/reaxys/secured/hopinto.do?context=R&query=RX.ID=5251303&database=RX&origin=ReaxysOutput&ln=,"Article; Li, Zhenjiang; Li, Weisi; Sun, Yingjie; Huang, He; Ouyang, Pingkai; Journal of Heterocyclic Chemistry; vol. 45; 1; (2008); p. 285 - 288;",1,Other,aminosulfonic acid
62,None,1,methanol,None,None,80.0,Heating,1.0,https://www.reaxys.com/reaxys/secured/hopinto.do?context=R&query=RX.ID=5251303&database=RX&origin=ReaxysOutput&ln=,"Article; Ohta, Akihiro; Takahashi, Hiromitsu; Miyata, Naoomi; Hirono, Hiroyuki; Nishio, Toyotaka; Uchino, Etsuo; Yamada, Kenji; Aoyagi, Yutaka; Suwabe, Yasushi; Fujitake, Masayuki; Suzuki, Takahiro; Okamoto, Kazuo; Biological and Pharmaceutical Bulletin; vol. 20; 10; (1997); p. 1076 - 1081;",1,Other,None
63,20,2,ethanol,None,None,70.0,Green chemistry,1.0,https://www.reaxys.com/reaxys/secured/hopinto.do?context=R&query=RX.ID=5251303&database=RX&origin=ReaxysOutput&ln=,"Article; Delpivo, Camilla; Micheletti, Gabriele; Boga, Carla; Synthesis (Germany); vol. 45; 11; (2013); p. 1546 - 1552;",1,Other,None
64,20,1,ethanol,None,polyvinylimidazole-based Bronsted acidic ionic liquid grafted silica,70.0,None,1.0,https://www.reaxys.com/reaxys/secured/hopinto.do?context=R&query=RX.ID=5251303&database=RX&origin=ReaxysOutput&ln=,"Article; Tamami, Bahman; Sardarian, Alireza; Ataollahi, Elaheh; Turkish Journal of Chemistry; vol. 40; 3; (2016); p. 422 - 433;",1,Other,polyvinylimidazole-based Bronsted acidic ionic liquid grafted silica
65,None,1,ethanol; water,None,"cobalt(III) 5,10,15,20-tetraarylporphyrin",59.0,Reflux,1.0,https://www.reaxys.com/reaxys/secured/hopinto.do?context=R&query=RX.ID=5251303&database=RX&origin=ReaxysOutput&ln=,"Article; Mohammadi, Khosro; Hasaninejad, Alireza; Niad, Mahmud; Najmi, Mojtaba; Journal of Porphyrins and Phthalocyanines; vol. 14; 12; (2010); p. 1052 - 1058;",1,Other,"cobalt(III) 5,10,15,20-tetraarylporphyrin"
66,None,24,ethanol,None,None,None,Reflux,1.0,https://www.reaxys.com/reaxys/secured/hopinto.do?context=R&query=RX.ID=5251303&database=RX&origin=ReaxysOutput&ln=,"Article; You, Lei; Cho, Eun Jeong; Leavitt, John; Ma, Li-Chung; Montelione, Gaetano T.; Anslyn, Eric V.; Krug, Robert M.; Ellington, Andrew; Robertus, Jon D.; Bioorganic and Medicinal Chemistry Letters; vol. 21; 10; (2011); p. 3007 - 3011;",1,Other,None
67,None,1,None,None,None,None,None,1.0,https://www.reaxys.com/reaxys/secured/hopinto.do?context=R&query=RX.ID=5251303&database=RX&origin=ReaxysOutput&ln=,"Article; Lian, Mi; Li, Qi; Zhu, Yanping; Yin, Guodong; Wu, Anxin; Tetrahedron; vol. 68; 47; (2012); p. 9598 - 9605;",1,Other,None
68,20,1.5,"ethyl acetate; N,N-dimethyl-formamide",None,None,None,None,1.0,https://www.reaxys.com/reaxys/secured/hopinto.do?context=R&query=RX.ID=5251303&database=RX&origin=ReaxysOutput&ln=,"Article; Lin, Yang; Lei, Xiaoli; Yang, Qin; Yuan, Jiangjun; Ding, Qiuping; Xu, Jingshi; Peng, Yiyuan; Synthesis (Germany); vol. 44; 17; (2012); p. 2699 - 2706;",1,Other,None
69,60,2,water; toluene; acetonitrile,None,acetic acid,None,Inert atmosphere,1.0,https://www.reaxys.com/reaxys/secured/hopinto.do?context=R&query=RX.ID=5251303&database=RX&origin=ReaxysOutput&ln=,"Article; Schmidt, Bernd; Krehl, Stefan; Hauke, Sylvia; Journal of Organic Chemistry; vol. 78; 11; (2013); p. 5427 - 5435;",1,Other,acetic acid
70,20,12,dimethyl sulfoxide,None,iodine,None,None,1.0,https://www.reaxys.com/reaxys/secured/hopinto.do?context=R&query=RX.ID=5251303&database=RX&origin=ReaxysOutput&ln=,"Article; Xie, Caixia; Zhang, Zeyuan; Yang, Bingchuan; Song, Gaolei; Gao, He; Wen, Leilin; Ma, Chen; Tetrahedron; vol. 71; 12; (2015); p. 1831 - 1837;",1,Other,iodine
71,60,3,neat (no solvent),None,graphene oxide,None,Sealed tube; Green chemistry,1.0,https://www.reaxys.com/reaxys/secured/hopinto.do?context=R&query=RX.ID=5251303&database=RX&origin=ReaxysOutput&ln=,"Article; Roy, Babli; Ghosh, Sujit; Ghosh, Pranab; Basu, Basudeb; Tetrahedron Letters; vol. 56; 48; (2015); p. 6762 - 6767;",1,Other,graphene oxide
72,100,1,dimethyl sulfoxide,None,toluene-4-sulfonic acid,None,None,1.0,https://www.reaxys.com/reaxys/secured/hopinto.do?context=R&query=RX.ID=5251303&database=RX&origin=ReaxysOutput&ln=,"Article; Zhang, Zeyuan; Xie, Caixia; Feng, Lei; Ma, Chen; Synthetic Communications; vol. 46; 18; (2016); p. 1507 - 1518;",1,Other,toluene-4-sulfonic acid
73,230,0.16666666666666666,water,Acetic acid 5%,None,88.0,None,1.0,None,None,1,Fabian,Acetic acid 5%
0,160.0,0.08333330000000001,methanol; acetic acid,None,None,98.0,Irradiation,1.0,https://www.reaxys.com/reaxys/secured/hopinto.do?context=R&query=RX.ID=9604807&database=RX&origin=ReaxysOutput&ln=,"Article; Zhao, Zhijian; Wisnoski, David D.; Wolkenberg, Scott E.; Leister, William H.; Wang, Yi; Lindsley, Craig W.; Tetrahedron Letters; vol. 45; 25; (2004); p. 4873 - 4876;",11,Other,None
1,160.0,0.08333330000000001,methanol,None,acetic acid,98.0,UV-irradiation,1.0,https://www.reaxys.com/reaxys/secured/hopinto.do?context=R&query=RX.ID=9604807&database=RX&origin=ReaxysOutput&ln=,"Article; Mamedov, Vakhid A.; Zhukova, Nataliya A.; Syakaev, Victor V.; Gubaidullin, Aidar T.; Beschastnova, Tat'Yana N.; Adgamova, Dil'Bar I.; Samigullina, Aida I.; Latypov, Shamil K.; Tetrahedron; vol. 69; 4; (2013); p. 1403 - 1416;",11,Other,acetic acid
2,75.0,5.0,glycerol,None,cerium(III) chloride heptahydrate,86.0,None,1.0,https://www.reaxys.com/reaxys/secured/hopinto.do?context=R&query=RX.ID=9604807&database=RX&origin=ReaxysOutput&ln=,Article; Venkat Narsaiah; Kranthi Kumar; Synthetic Communications; vol. 42; 6; (2012); p. 883 - 892;,11,Other,cerium(III) chloride heptahydrate
3,230.0,0.16666666666666666,water,Acetic acid 5%,None,93.0,None,1.0,None,None,11,Fabian,Acetic acid 5%
0,20.0,0.08333330000000001,acetic acid,H6P2W18O62,None,99.0,None,1.0,https://www.reaxys.com/reaxys/secured/hopinto.do?context=R&query=RX.ID=9672188&database=RX&origin=ReaxysOutput&ln=,"Article; Heravi, Majid M.; Bakhtiari, Khadijeh; Bamoharram, Fatemeh F.; Tehrani, Maryam H.; Monatshefte fur Chemie; vol. 138; 5; (2007); p. 465 - 467;",2,Other,H6P2W18O62
1,None,6.0,chloroform,None,None,99.0,Reflux,1.0,https://www.reaxys.com/reaxys/secured/hopinto.do?context=R&query=RX.ID=9672188&database=RX&origin=ReaxysOutput&ln=,"Patent; Semiconductor Energy Laboratory Co., Ltd.; US7652283; (2010); B2;",2,Other,None
2,None,6.0,chloroform,None,None,99.0,Heating / reflux,1.0,https://www.reaxys.com/reaxys/secured/hopinto.do?context=R&query=RX.ID=9672188&database=RX&origin=ReaxysOutput&ln=,"Patent; SEMICONDUCTOR ENERGY LABORATORY CO., LTD.; WO2006/62144; (2006); A1;",2,Other,None
3,None,0.5,water,None,Cu(II)-Schiff base/SBA-15,99.0,Reflux,1.0,https://www.reaxys.com/reaxys/secured/hopinto.do?context=R&query=RX.ID=9672188&database=RX&origin=ReaxysOutput&ln=,"Article; Bardajee, Ghasem Rezanejade; Malakooti, Reihaneh; Jami, Fereshteh; Parsaei, Zeinab; Atashin, Hassan; Catalysis Communications; vol. 27; (2012); p. 49 - 53;",2,Other,Cu(II)-Schiff base/SBA-15
4,None,0.5,water,None,zirconium oxide salicylaldehyde-(3-aminopropyl)trimethoxysilane imine complex modified SBA-15,99.0,Reflux,1.0,https://www.reaxys.com/reaxys/secured/hopinto.do?context=R&query=RX.ID=9672188&database=RX&origin=ReaxysOutput&ln=,"Article; Malakooti, Reihaneh; Bardajee, Ghasem Rezanejade; Mahmoudi, Hesamaldin; Kakavand, Nahale; Catalysis Letters; vol. 143; 8; (2013); p. 853 - 861;",2,Other,zirconium oxide salicylaldehyde-(3-aminopropyl)trimethoxysilane imine complex modified SBA-15
5,None,0.5,water,None,SBA-15 mesoporous silica supported Fe(III)-Schiff base,99.0,Reflux,1.0,https://www.reaxys.com/reaxys/secured/hopinto.do?context=R&query=RX.ID=9672188&database=RX&origin=ReaxysOutput&ln=,"Article; Malakooti, Reihaneh; Bardajee, Ghasem Rezanejade; Hadizadeh, Somayyeh; Atashin, Hassan; Khanjari, Hadiseh; Transition Metal Chemistry; vol. 39; 1; (2014); p. 47 - 54;",2,Other,SBA-15 mesoporous silica supported Fe(III)-Schiff base
6,100.0,0.08333330000000001,neat (no solvent),None,mesoporous silica SBA-15 functionalized with Cu(II)-DiAmSar complex,99.0,None,1.0,https://www.reaxys.com/reaxys/secured/hopinto.do?context=R&query=RX.ID=9672188&database=RX&origin=ReaxysOutput&ln=,"Article; Mohammadi, Marzieh; Bardajee, Ghasem Rezanejade; Pesyan, Nader Noroozi; Chinese Journal of Catalysis; vol. 36; 8; (2015); p. 1379 - 1386;",2,Other,mesoporous silica SBA-15 functionalized with Cu(II)-DiAmSar complex
7,20.0,24.0,methanol; chloroform,None,None,98.0,None,1.0,https://www.reaxys.com/reaxys/secured/hopinto.do?context=R&query=RX.ID=9672188&database=RX&origin=ReaxysOutput&ln=,Article; Keshtov; Keshtova; Begretov; Tkhakakhov; Russian Journal of General Chemistry; vol. 73; 9; (2003); p. 1476 - 1480;,2,Other,None
8,20.0,0.13333299999999998,None,None,nano-BF3*SiO2,98.0,Neat (no solvent),1.0,https://www.reaxys.com/reaxys/secured/hopinto.do?context=R&query=RX.ID=9672188&database=RX&origin=ReaxysOutput&ln=,Article; Mirjalili; Bamoniri; Akbari; Chemistry of Heterocyclic Compounds; vol. 47; 4; (2011); p. 487 - 491;,2,Other,nano-BF3*SiO2
9,20.0,0.25,water,None,1-(propyl-3-sulfonate) 3-methylimidazol(3H)-1-ium phosphotungstate,97.0,None,1.0,https://www.reaxys.com/reaxys/secured/hopinto.do?context=R&query=RX.ID=9672188&database=RX&origin=ReaxysOutput&ln=,"Article; Vahdat, Seyed Mohammad; Baghery, Saeed; Combinatorial Chemistry and High Throughput Screening; vol. 16; 8; (2013); p. 618 - 627;",2,Other,1-(propyl-3-sulfonate) 3-methylimidazol(3H)-1-ium phosphotungstate
10,20.0,0.116667,ethanol,None,H3PMo12O40 nanoparticles immobilized on imidazole functionalized core-shell Fe3O4-SiO2 nanoparticle,97.0,Green chemistry,1.0,https://www.reaxys.com/reaxys/secured/hopinto.do?context=R&query=RX.ID=9672188&database=RX&origin=ReaxysOutput&ln=,"Article; Javidi, Jaber; Esmaeilpour, Mohsen; Materials Research Bulletin; vol. 73; (2016); p. 409 - 422;",2,Other,H3PMo12O40 nanoparticles immobilized on imidazole functionalized core-shell Fe3O4-SiO2 nanoparticle
11,130.0,0.5,None,None,None,96.0,Ionic liquid; Microwave irradiation,1.0,https://www.reaxys.com/reaxys/secured/hopinto.do?context=R&query=RX.ID=9672188&database=RX&origin=ReaxysOutput&ln=,"Article; Zare, Abdolkarim; Hasaninejad, Alireza; Parhami, Abolfath; Moosavi-Zare, Ahmad Reza; Khedri, Fatemeh; Parsaee, Zahra; Abdolalipoor-Saretoli, Maasoomeh; Khedri, Maasoomeh; Roshankar, Mehrnoosh; Deisi, Hanafieh; Journal of the Serbian Chemical Society; vol. 75; 10; (2010); p. 1315 - 1324;",2,Other,None
12,20.0,0.13333299999999998,None,None,titanium(IV) oxide,96.0,None,1.0,https://www.reaxys.com/reaxys/secured/hopinto.do?context=R&query=RX.ID=9672188&database=RX&origin=ReaxysOutput&ln=,"Article; Mirjalili, Bi Bi Fatemeh; Akbari, Ali; Chinese Chemical Letters; vol. 22; 6; (2011); p. 753 - 756;",2,Other,titanium(IV) oxide
13,20.0,0.0333333,water,None,poly(ethylene glycol)-600,96.0,None,1.0,https://www.reaxys.com/reaxys/secured/hopinto.do?context=R&query=RX.ID=9672188&database=RX&origin=ReaxysOutput&ln=,"Article; Chavan, Hemant V.; Adsul, Laxman K.; Bandgar, Babasaheb P.; Journal of Chemical Sciences; vol. 123; 4; (2011); p. 477 - 483;",2,Other,poly(ethylene glycol)-600
14,20.0,0.5,water,None,zirconium tetrakis(dodecyl sulfate),95.0,None,1.0,https://www.reaxys.com/reaxys/secured/hopinto.do?context=R&query=RX.ID=9672188&database=RX&origin=ReaxysOutput&ln=,"Article; Hasaninejad, Alireza; Zare, Abdolkarim; Zolfigol, Mohammad Ali; Shekouhy, Mohsen; Synthetic Communications; vol. 39; 4; (2009); p. 569 - 579;",2,Other,zirconium tetrakis(dodecyl sulfate)
15,20.0,0.5,ethanol,None,magnesium sulfate heptahydrate,95.0,None,1.0,https://www.reaxys.com/reaxys/secured/hopinto.do?context=R&query=RX.ID=9672188&database=RX&origin=ReaxysOutput&ln=,"Article; Karami, Bahador; Khodabakhshi, Saeed; Journal of the Serbian Chemical Society; vol. 76; 9; (2011); p. 1191 - 1198;",2,Other,magnesium sulfate heptahydrate
16,20.0,0.166667,acetonitrile,None,niobium pentachloride,95.0,None,1.0,https://www.reaxys.com/reaxys/secured/hopinto.do?context=R&query=RX.ID=9672188&database=RX&origin=ReaxysOutput&ln=,"Article; Kidwai, Mazaahir; Mishra, Neeraj Kumar; Bhatnagar, Divya; Jahan, Anwar; Asian Journal of Chemistry; vol. 23; 11; (2011); p. 5051 - 5054;",2,Other,niobium pentachloride
17,100.0,1.0,water,None,ziconium(IV) oxychloride octahydrate,95.0,Green chemistry,1.0,https://www.reaxys.com/reaxys/secured/hopinto.do?context=R&query=RX.ID=9672188&database=RX&origin=ReaxysOutput&ln=,"Article; Bardajee, Ghasem Rezanejade; Comptes Rendus Chimie; vol. 16; 10; (2013); p. 872 - 877;",2,Other,ziconium(IV) oxychloride octahydrate
18,20.0,0.75,neat (no solvent),None,Bronsted acidic ionic liquid supported on nano silica,95.0,Green chemistry,1.0,https://www.reaxys.com/reaxys/secured/hopinto.do?context=R&query=RX.ID=9672188&database=RX&origin=ReaxysOutput&ln=,"Article; Daragahi, Seyed Arash Hosseini; Mohebat, Razieh; Mosslemin, Mohammad Hossein; Organic Preparations and Procedures International; vol. 50; 3; (2018); p. 301 - 313;",2,Other,Bronsted acidic ionic liquid supported on nano silica
19,None,1.5,ethanol,None,nanoparticle-supported cobalt catalyst; air,94.0,Reflux; Green chemistry,1.0,https://www.reaxys.com/reaxys/secured/hopinto.do?context=R&query=RX.ID=9672188&database=RX&origin=ReaxysOutput&ln=,"Article; Rajabi, Fatemeh; Alves, Diego; Luque, Rafael; Molecules; vol. 20; 11; (2015); p. 20709 - 20718;",2,Other,nanoparticle-supported cobalt catalyst; air
20,20.0,0.366667,None,None,tungstate sulfuric acid,90.0,Neat (no solvent),1.0,https://www.reaxys.com/reaxys/secured/hopinto.do?context=R&query=RX.ID=9672188&database=RX&origin=ReaxysOutput&ln=,"Article; Karami, Bahador; Khodabakhshi, Saeed; Nikrooz, Marzieh; Journal of the Chinese Chemical Society; vol. 59; 2; (2012); p. 187 - 192;",2,Other,tungstate sulfuric acid
21,20.0,0.416667,ethanol,None,lead(II) chloride,90.0,None,1.0,https://www.reaxys.com/reaxys/secured/hopinto.do?context=R&query=RX.ID=9672188&database=RX&origin=ReaxysOutput&ln=,"Article; Karami, Bahador; Khodabakhshi, Saeed; Journal of the Chilean Chemical Society; vol. 58; 2; (2013); p. 1655 - 1658;",2,Other,lead(II) chloride
22,20.0,0.666667,ethanol,None,lithium chloride,88.0,None,1.0,https://www.reaxys.com/reaxys/secured/hopinto.do?context=R&query=RX.ID=9672188&database=RX&origin=ReaxysOutput&ln=,"Article; Karami, Bahador; Rooydel, Reza; Khodabakhshi, Saeed; Acta Chimica Slovenica; vol. 59; 1; (2012); p. 183 - 188;",2,Other,lithium chloride
23,None,24.0,ethanol,None,None,87.0,Inert atmosphere; Reflux,1.0,https://www.reaxys.com/reaxys/secured/hopinto.do?context=R&query=RX.ID=9672188&database=RX&origin=ReaxysOutput&ln=,"Article; Jing, Yi-Ming; Wang, Fang-Zhou; Zheng, You-Xuan; Zuo, Jing-Lin; Journal of Materials Chemistry C; vol. 5; 15; (2017); p. 3714 - 3724;",2,Other,None
24,None,24.0,ethanol,None,None,87.0,Reflux,1.0,https://www.reaxys.com/reaxys/secured/hopinto.do?context=R&query=RX.ID=9672188&database=RX&origin=ReaxysOutput&ln=,"Article; Jing, Yi-Ming; Zheng, You-Xuan; RSC Advances; vol. 7; 59; (2017); p. 37021 - 37031;",2,Other,None
25,45.0,0.25,None,None,alkylsulfonate functionalized metal organic framework,85.0,Sonication,1.0,https://www.reaxys.com/reaxys/secured/hopinto.do?context=R&query=RX.ID=9672188&database=RX&origin=ReaxysOutput&ln=,"Article; Andriamitantsoa, Radoelizo S.; Wang, Jingjing; Dong, Wenjun; Gao, Hongyi; Wang, Ge; RSC Advances; vol. 6; 41; (2016); p. 35135 - 35143;",2,Other,alkylsulfonate functionalized metal organic framework
26,30.0,2.0,None,None,1-ethyl-3-methylimidazolium triflate,84.0,None,1.0,https://www.reaxys.com/reaxys/secured/hopinto.do?context=R&query=RX.ID=9672188&database=RX&origin=ReaxysOutput&ln=,"Conference Paper; Ignat'ev, Nikolai V.; Schulte, Michael; Koppe, Karsten; Barthen, Peter; Zlotin, Sergei G.; Makhova, Nina N.; Sheremetev, Aleksei B.; Valente, Anabela A.; Phosphorus, Sulfur and Silicon and the Related Elements; vol. 186; 5; (2011); p. 1205 - 1216;",2,Other,1-ethyl-3-methylimidazolium triflate
27,None,None,None,None,sulfuric acid; acetic acid,70.0,Reflux; Inert atmosphere,1.0,https://www.reaxys.com/reaxys/secured/hopinto.do?context=R&query=RX.ID=9672188&database=RX&origin=ReaxysOutput&ln=,"Conference Paper; Park, Hye Rim; Ha, Yunkyoung; Molecular Crystals and Liquid Crystals; vol. 538; (2011); p. 67 - 74;",2,Other,sulfuric acid; acetic acid
28,85.0,12.0,ethanol,None,None,None,Inert atmosphere,1.0,https://www.reaxys.com/reaxys/secured/hopinto.do?context=R&query=RX.ID=9672188&database=RX&origin=ReaxysOutput&ln=,"Article; Yao, Ji-Yuan; Hou, Hong-Hao; Ma, Xiao-Dong; Xu, Hong-Jie; Shi, Zi-Xing; Yin, Jie; Jiang, Xue-Song; Chinese Chemical Letters; vol. 28; 1; (2017); p. 6 - 12;",2,Other,None
29,None,24.0,ethanol,None,None,None,Inert atmosphere; Reflux,1.0,https://www.reaxys.com/reaxys/secured/hopinto.do?context=R&query=RX.ID=9672188&database=RX&origin=ReaxysOutput&ln=,"Patent; Shanghai Jiao Tong University; Hitachi, Ltd. Huacheng Co., Ltd.; Hou Honghao; Jiang Xuesong; Yin Jie; Cun Shangtaizhi; (60 pag.)CN107954940; (2018); A;",2,Other,None
30,230.0,0.16666666666666666,water,acetic acid 5%,None,94.0,None,1.0,None,None,2,Fabian,acetic acid 5%
0,20.0,0.5,ethanol; water,None,"N,N,N?,N?-tetrabromobenzene-1,3-disulfonamide",95.0,None,1.0,https://www.reaxys.com/reaxys/secured/hopinto.do?context=R&query=RX.ID=9976129&database=RX&origin=ReaxysOutput&ln=,"Article; Ghorbani-Vaghei, Ramin; Hajinazari, Somaye; Journal of Chemical Sciences; vol. 125; 2; (2013); p. 353 - 358;",12,Other,"N,N,N?,N?-tetrabromobenzene-1,3-disulfonamide"
1,20.0,0.5,methanol,None,ZnO-loaded mesoporous silica (KIT-6) (aged at 130 C and containing 10 wt% ZnO),95.0,None,1.0,https://www.reaxys.com/reaxys/secured/hopinto.do?context=R&query=RX.ID=9976129&database=RX&origin=ReaxysOutput&ln=,"Article; Hamid, Oveisi; Chari, M. Adharvana; Van Nguyen, Chi; Chen, Jeffrey E.; Alshehri, Saad M.; Yanmaz, Ekrem; Hossain, Shahriar A.; Yamauchi, Yusuke; Wu, Kevin C.-W.; Catalysis Communications; vol. 90; (2017); p. 111 - 115;",12,Other,ZnO-loaded mesoporous silica (KIT-6) (aged at 130 C and containing 10 wt% ZnO)
2,70.0,0.633333,water,None,amberlyst-15,90.0,None,1.0,https://www.reaxys.com/reaxys/secured/hopinto.do?context=R&query=RX.ID=9976129&database=RX&origin=ReaxysOutput&ln=,"Article; Liu, Ju-Yan; Liu, Jing; Wang, Jia-Di; Jiao, De-Quan; Liu, Hai-Wang; Synthetic Communications; vol. 40; 14; (2010); p. 2047 - 2056;",12,Other,amberlyst-15
3,60.0,0.0166667,water,None,indium,90.0,Microwave irradiation; Green chemistry,1.0,https://www.reaxys.com/reaxys/secured/hopinto.do?context=R&query=RX.ID=9976129&database=RX&origin=ReaxysOutput&ln=,"Article; Bandyopadhyay, Debasish; Mukherjee, Sanghamitra; Banik, Bimal K.; Combinatorial Chemistry and High Throughput Screening; vol. 18; 1; (2015); p. 53 - 62;",12,Other,indium
4,20.0,0.08333330000000001,water,None,poly(ethylene glycol)-600,89.0,None,1.0,https://www.reaxys.com/reaxys/secured/hopinto.do?context=R&query=RX.ID=9976129&database=RX&origin=ReaxysOutput&ln=,"Article; Chavan, Hemant V.; Adsul, Laxman K.; Bandgar, Babasaheb P.; Journal of Chemical Sciences; vol. 123; 4; (2011); p. 477 - 483;",12,Other,poly(ethylene glycol)-600
5,25.0,0.666667,acetonitrile,iodine,None,85.0,None,1.0,https://www.reaxys.com/reaxys/secured/hopinto.do?context=R&query=RX.ID=9976129&database=RX&origin=ReaxysOutput&ln=,"Article; More, Shivaji V.; Sastry; Wang, Chieh-Chieh; Yao, Ching-Fa; Tetrahedron Letters; vol. 46; 37; (2005); p. 6345 - 6348;",12,Other,iodine
6,20.0,0.333333,water,None,sodium tosylate; toluene-4-sulfonic acid,83.0,None,1.0,https://www.reaxys.com/reaxys/secured/hopinto.do?context=R&query=RX.ID=9976129&database=RX&origin=ReaxysOutput&ln=,"Article; Kumbhar, Arjun; Kamble, Santosh; Barge, Madhuri; Rashinkar, Gajanan; Salunkhe, Rajashri; Tetrahedron Letters; vol. 53; 22; (2012); p. 2756 - 2760;",12,Other,sodium tosylate; toluene-4-sulfonic acid
7,20.0,2.0,None,None,potassium fluoride on basic alumina,78.0,None,1.0,https://www.reaxys.com/reaxys/secured/hopinto.do?context=R&query=RX.ID=9976129&database=RX&origin=ReaxysOutput&ln=,"Article; Paul, Susmita; Basu, Basudeb; Tetrahedron Letters; vol. 52; 49; (2011); p. 6597 - 6602;",12,Other,potassium fluoride on basic alumina
8,120.0,12.0,None,None,acetic acid,76.0,None,1.0,https://www.reaxys.com/reaxys/secured/hopinto.do?context=R&query=RX.ID=9976129&database=RX&origin=ReaxysOutput&ln=,"Patent; Xiangde Technology Co., Ltd.; Wang Renzong; Xu Chaosheng; Chen Guanyu; (13 pag.)CN110386902; (2019); A;",12,Other,acetic acid
9,None,3.0,neat (no solvent),None,toluene-4-sulfonic acid,None,Milling; Green chemistry,1.0,https://www.reaxys.com/reaxys/secured/hopinto.do?context=R&query=RX.ID=9976129&database=RX&origin=ReaxysOutput&ln=,"Article; Sahoo, Prasit Kumar; Giri, Chandan; Haldar, Tuhin Subhra; Puttreddy, Rakesh; Rissanen, Kari; Mal, Prasenjit; European Journal of Organic Chemistry; vol. 2016; 7; (2016); p. 1283 - 1291;",12,Other,toluene-4-sulfonic acid
10,230.0,0.16666666666666666,water,Acetic acid 5%,None,92.0,None,1.0,None,None,12,Fabian,Acetic acid 5%
0,230.0,0.16666666666666666,water,Acetic acid 5%,None,93.0,None,1.0,None,None,13,Fabian,Acetic acid 5%
0,20,4,None,None,None,99.0,Neat (no solvent); Solid state,1.0,https://www.reaxys.com/reaxys/secured/hopinto.do?context=R&query=RX.ID=720073&database=RX&origin=ReaxysOutput&ln=,"Article; Carlier, Leslie; Baron, Michel; Chamayou, Alain; Couarraze, Guy; Tetrahedron Letters; vol. 52; 36; (2011); p. 4686 - 4689;",3,Other,None
1,25,12,neat (no solvent),None,None,99.0,Milling,1.0,https://www.reaxys.com/reaxys/secured/hopinto.do?context=R&query=RX.ID=720073&database=RX&origin=ReaxysOutput&ln=,"Article; Oliveira, Paulo F.M.; Haruta, Naoki; Chamayou, Alain; Guidetti, Brigitte; Baltas, Michel; Tanaka, Kazuyoshi; Sato, Tohru; Baron, Michel; Tetrahedron; vol. 73; 16; (2017); p. 2305 - 2310;",3,Other,None
2,20,0.05,ethanol,None,potassium hydrogensulfate,98.0,None,1.0,https://www.reaxys.com/reaxys/secured/hopinto.do?context=R&query=RX.ID=720073&database=RX&origin=ReaxysOutput&ln=,"Article; Niknam, Khodabakhsh; Zolfigol, Mohammad Ali; Tavakoli, Ziba; Heydari, Zahra; Journal of the Chinese Chemical Society; vol. 55; 6; (2008); p. 1373 - 1378;",3,Other,potassium hydrogensulfate
3,20,4,ethanol,None,zeolite HY,98.0,Green chemistry,1.0,https://www.reaxys.com/reaxys/secured/hopinto.do?context=R&query=RX.ID=720073&database=RX&origin=ReaxysOutput&ln=,"Article; Bodaghifard, Mohammad Ali; Mobinikhaledi, Akbar; Zendehdel, Mojgan; Ayalvar, Zeinab; Revue Roumaine de Chimie; vol. 60; 4; (2015); p. 345 - 348;",3,Other,zeolite HY
4,20,0.166667,None,None,sulfonated rice husk ash,98.0,Green chemistry,1.0,https://www.reaxys.com/reaxys/secured/hopinto.do?context=R&query=RX.ID=720073&database=RX&origin=ReaxysOutput&ln=,"Article; Shamsi-Sani, Mahnaz; Shirini, Farhad; Abedini, Masoumeh; Seddighi, Mohadeseh; Research on Chemical Intermediates; vol. 42; 2; (2016); p. 1091 - 1099;",3,Other,sulfonated rice husk ash
5,20,0.0833333,water,None,poly(ethylene glycol)-600,97.0,None,1.0,https://www.reaxys.com/reaxys/secured/hopinto.do?context=R&query=RX.ID=720073&database=RX&origin=ReaxysOutput&ln=,"Article; Chavan, Hemant V.; Adsul, Laxman K.; Bandgar, Babasaheb P.; Journal of Chemical Sciences; vol. 123; 4; (2011); p. 477 - 483;",3,Other,poly(ethylene glycol)-600
6, 60, 0.05,ethanol; ethanol,None,ZrOL2(at)SMNP,97.0,None,1.0,https://www.reaxys.com/reaxys/secured/hopinto.do?context=R&query=RX.ID=720073&database=RX&origin=ReaxysOutput&ln=,"Article; Jafarpour, Maasoumeh; Rezaeifard, Abdolreza; Transition Metal Chemistry; vol. 41; 2; (2016); p. 205 - 211;",3,Other,ZrOL2(at)SMNP
7,20,None,ethanol,None,chromium(II) chloride hexahydratete,96.0,None,1.0,https://www.reaxys.com/reaxys/secured/hopinto.do?context=R&query=RX.ID=720073&database=RX&origin=ReaxysOutput&ln=,"Article; Soleymani, Reza; Niakan, Neda; Tayeb, Shohre; Hakimi, Shirin; Oriental Journal of Chemistry; vol. 28; 2; (2012); p. 687 - 701;",3,Other,chromium(II) chloride hexahydratete
8,20,0.283333,water,None,1-(propyl-3-sulfonate) 3-methylimidazol(3H)-1-ium phosphotungstate,96.0,None,1.0,https://www.reaxys.com/reaxys/secured/hopinto.do?context=R&query=RX.ID=720073&database=RX&origin=ReaxysOutput&ln=,"Article; Vahdat, Seyed Mohammad; Baghery, Saeed; Combinatorial Chemistry and High Throughput Screening; vol. 16; 8; (2013); p. 618 - 627;",3,Other,1-(propyl-3-sulfonate) 3-methylimidazol(3H)-1-ium phosphotungstate
9,20,0.433333,ethanol,None,lithium chloride,95.0,None,1.0,https://www.reaxys.com/reaxys/secured/hopinto.do?context=R&query=RX.ID=720073&database=RX&origin=ReaxysOutput&ln=,"Article; Karami, Bahador; Rooydel, Reza; Khodabakhshi, Saeed; Acta Chimica Slovenica; vol. 59; 1; (2012); p. 183 - 188;",3,Other,lithium chloride
10,80,0.0833333,neat (no solvent),None,"N,N,N?,N?-tetrabromobenzene-1,3-disulfonamide",95.0,None,1.0,https://www.reaxys.com/reaxys/secured/hopinto.do?context=R&query=RX.ID=720073&database=RX&origin=ReaxysOutput&ln=,"Article; Ghorbani-Vaghei, Ramin; Hajinazari, Somaye; Journal of Chemical Sciences; vol. 125; 2; (2013); p. 353 - 358;",3,Other,"N,N,N?,N?-tetrabromobenzene-1,3-disulfonamide"
11,60,0.0833333,ethanol,None,molybdenum(VI) trioxide,95.0,Green chemistry,1.0,https://www.reaxys.com/reaxys/secured/hopinto.do?context=R&query=RX.ID=720073&database=RX&origin=ReaxysOutput&ln=,"Article; Jafarpour, Maasoumeh; Rezaeifard, Abdolreza; Ghahramaninezhad, Mahboube; Tabibi, Tooba; New Journal of Chemistry; vol. 37; 7; (2013); p. 2087 - 2095;",3,Other,molybdenum(VI) trioxide
12,20,0.166667,ethanol,None,lead(II) chloride,95.0,None,1.0,https://www.reaxys.com/reaxys/secured/hopinto.do?context=R&query=RX.ID=720073&database=RX&origin=ReaxysOutput&ln=,"Article; Karami, Bahador; Khodabakhshi, Saeed; Journal of the Chilean Chemical Society; vol. 58; 2; (2013); p. 1655 - 1658;",3,Other,lead(II) chloride
13,20,0.116667,water,None,sodium tosylate; toluene-4-sulfonic acid,93.0,None,1.0,https://www.reaxys.com/reaxys/secured/hopinto.do?context=R&query=RX.ID=720073&database=RX&origin=ReaxysOutput&ln=,"Article; Kumbhar, Arjun; Kamble, Santosh; Barge, Madhuri; Rashinkar, Gajanan; Salunkhe, Rajashri; Tetrahedron Letters; vol. 53; 22; (2012); p. 2756 - 2760;",3,Other,sodium tosylate; toluene-4-sulfonic acid
14,20,0.5,ethanol,None,Graphite,93.0,None,1.0,https://www.reaxys.com/reaxys/secured/hopinto.do?context=R&query=RX.ID=720073&database=RX&origin=ReaxysOutput&ln=,"Article; Kadam, Hari K.; Khan, Salman; Kunkalkar, Rupesh A.; Tilve, Santosh G.; Tetrahedron Letters; vol. 54; 8; (2013); p. 1003 - 1007;",3,Other,Graphite
15,50,0.333333,water; acetonitrile,None,rice husk,92.0,Green chemistry,1.0,https://www.reaxys.com/reaxys/secured/hopinto.do?context=R&query=RX.ID=720073&database=RX&origin=ReaxysOutput&ln=,"Article; Shirini, Farhad; Akbari-Dadamahaleh, Somayeh; Mohammad-Khah, Ali; Aliakbar, Ali-Reza; Comptes Rendus Chimie; vol. 16; 3; (2013); p. 207 - 216;",3,Other,rice husk
16,25,0.25,water,None,propylsulfonic acid functionalized nanozeolite clinoptilolite,92.0,None,1.0,https://www.reaxys.com/reaxys/secured/hopinto.do?context=R&query=RX.ID=720073&database=RX&origin=ReaxysOutput&ln=,"Article; Baghbanian, Seyed Meysam; Chinese Chemical Letters; vol. 26; 9; (2015); p. 1113 - 1116;",3,Other,propylsulfonic acid functionalized nanozeolite clinoptilolite
17,160,3,water,None,hydrogenchloride,91.0,None,1.0,https://www.reaxys.com/reaxys/secured/hopinto.do?context=R&query=RX.ID=720073&database=RX&origin=ReaxysOutput&ln=,"Article; Van Belzen, Ruud; Klein, Rene A.; Smeets, Wilberth J.J.; Spek, Anthony L.; Benedix, Roland; Elsevier, Cornelis J.; Recueil des Travaux Chimiques des Pays-Bas-Journal of the Royal Netherlands; vol. 115; 5; (1996); p. 275 - 285;",3,Other,hydrogenchloride
18,20,0.333333,None,None,tungstate sulfuric acid,91.0,Neat (no solvent),1.0,https://www.reaxys.com/reaxys/secured/hopinto.do?context=R&query=RX.ID=720073&database=RX&origin=ReaxysOutput&ln=,"Article; Karami, Bahador; Khodabakhshi, Saeed; Nikrooz, Marzieh; Journal of the Chinese Chemical Society; vol. 59; 2; (2012); p. 187 - 192;",3,Other,tungstate sulfuric acid
19,90,4,water; glycerol,None,None,90.0,None,1.0,https://www.reaxys.com/reaxys/secured/hopinto.do?context=R&query=RX.ID=720073&database=RX&origin=ReaxysOutput&ln=,"Article; Bachhav, Harshal M.; Bhagat, Saket B.; Telvekar, Vikas N.; Tetrahedron Letters; vol. 52; 43; (2011); p. 5697 - 5701;",3,Other,None
20,25,0.333333,"1,2-dichloro-ethane",None,titanium(IV) oxide,90.0,None,1.0,https://www.reaxys.com/reaxys/secured/hopinto.do?context=R&query=RX.ID=720073&database=RX&origin=ReaxysOutput&ln=,"Article; Alinezhad, Heshmatollah; Tajbakhsh, Mahmood; Salehian, Fatemeh; Biparva, Pourya; Bulletin of the Korean Chemical Society; vol. 32; 10; (2011); p. 3720 - 3725;",3,Other,titanium(IV) oxide
21,20,0.25,ethanol,None,magnesium sulfate heptahydrate,90.0,None,1.0,https://www.reaxys.com/reaxys/secured/hopinto.do?context=R&query=RX.ID=720073&database=RX&origin=ReaxysOutput&ln=,"Article; Karami, Bahador; Khodabakhshi, Saeed; Journal of the Serbian Chemical Society; vol. 76; 9; (2011); p. 1191 - 1198;",3,Other,magnesium sulfate heptahydrate
22,80,0.416667,water,None,"1,4-diaza-bicyclo[2.2.2]octane; acetic acid",90.0,Green chemistry,1.0,https://www.reaxys.com/reaxys/secured/hopinto.do?context=R&query=RX.ID=720073&database=RX&origin=ReaxysOutput&ln=,Article; Mulik; Chandam; Patil; Patil; Mulik; Salunkhe; Deshmukh; Research on Chemical Intermediates; vol. 41; 12; (2015); p. 10085 - 10096;,3,Other,"1,4-diaza-bicyclo[2.2.2]octane; acetic acid"
23,20,1.7,ethanol,None,solid phase supported zirconium(IV) complex,89.0,None,1.0,https://www.reaxys.com/reaxys/secured/hopinto.do?context=R&query=RX.ID=720073&database=RX&origin=ReaxysOutput&ln=,"Article; Sharma; Sharma, Chetna; Catalysis Communications; vol. 12; 5; (2011); p. 327 - 331;",3,Other,solid phase supported zirconium(IV) complex
24,None,3,ethanol,None,acetic acid,86.0,Reflux,1.0,https://www.reaxys.com/reaxys/secured/hopinto.do?context=R&query=RX.ID=720073&database=RX&origin=ReaxysOutput&ln=,"Article; Chen, Jianwei; Chen, Yi; Wu, Yishi; Wang, Xuedong; Yu, Zhenyi; Xiao, Lu; Liu, Yanping; Tian, He; Yao, Jiannian; Fu, Hongbing; New Journal of Chemistry; vol. 41; 4; (2017); p. 1864 - 1871;",3,Other,acetic acid
25, 60, 0.116667,ethanol; ethanol,None,zirconium dioxide,85.0,None,1.0,https://www.reaxys.com/reaxys/secured/hopinto.do?context=R&query=RX.ID=720073&database=RX&origin=ReaxysOutput&ln=,"Article; Jafarpour, Maasoumeh; Rezapour, Elham; Ghahramaninezhad, Mahboobe; Rezaeifard, Abdolreza; New Journal of Chemistry; vol. 38; 2; (2014); p. 676 - 682;",3,Other,zirconium dioxide
26,None,3,ethanol,None,acetic acid,85.0,Reflux; Inert atmosphere,1.0,https://www.reaxys.com/reaxys/secured/hopinto.do?context=R&query=RX.ID=720073&database=RX&origin=ReaxysOutput&ln=,"Article; Guedouar, Habiba; Aloui, Faouzi; Beltifa, Asma; Ben Mansour, Hedi; Ben Hassine, Bechir; Comptes Rendus Chimie; vol. 20; 8; (2017); p. 841 - 849;",3,Other,acetic acid
27,35,8,None,None,acetic acid,83.0,None,1.0,https://www.reaxys.com/reaxys/secured/hopinto.do?context=R&query=RX.ID=720073&database=RX&origin=ReaxysOutput&ln=,"Article; Hussain, Hidayat; Specht, Sabine; Sarite, Salem R.; Saeftel, Michael; Hoerauf, Achim; Schulz, Barbara; Krohn, Karsten; Journal of Medicinal Chemistry; vol. 54; 13; (2011); p. 4913 - 4917;",3,Other,acetic acid
28,130,0.5,None,None,None,83.0,Ionic liquid; Microwave irradiation,1.0,https://www.reaxys.com/reaxys/secured/hopinto.do?context=R&query=RX.ID=720073&database=RX&origin=ReaxysOutput&ln=,"Article; Zare, Abdolkarim; Hasaninejad, Alireza; Parhami, Abolfath; Moosavi-Zare, Ahmad Reza; Khedri, Fatemeh; Parsaee, Zahra; Abdolalipoor-Saretoli, Maasoomeh; Khedri, Maasoomeh; Roshankar, Mehrnoosh; Deisi, Hanafieh; Journal of the Serbian Chemical Society; vol. 75; 10; (2010); p. 1315 - 1324;",3,Other,None
29,None,8,acetic acid,None,None,80.0,Reflux,1.0,https://www.reaxys.com/reaxys/secured/hopinto.do?context=R&query=RX.ID=720073&database=RX&origin=ReaxysOutput&ln=,"Article; Zhou, Changjiang; Zhang, Shitong; Gao, Yu; Liu, Haichao; Shan, Tong; Liang, Xiaoming; Yang, Bing; Ma, Yuguang; Advanced Functional Materials; vol. 28; 32; (2018);",3,Other,None
30,None,4,None,None,acetic acid,79.0,Reflux; Inert atmosphere,1.0,https://www.reaxys.com/reaxys/secured/hopinto.do?context=R&query=RX.ID=720073&database=RX&origin=ReaxysOutput&ln=,"Article; Zhang, Kaichen; Dai, Yong; Zhang, Xinfu; Xiao, Yi; Dyes and Pigments; vol. 102; (2014); p. 1 - 5;",3,Other,acetic acid
31,None,None,None,None,ethanol; acetic acid,None,None,1.0,https://www.reaxys.com/reaxys/secured/hopinto.do?context=R&query=RX.ID=720073&database=RX&origin=ReaxysOutput&ln=,Article; Hinsberg; Justus Liebigs Annalen der Chemie; vol. 237; (1887); p. 339; Justus Liebigs Annalen der Chemie; vol. 292; (1896); p. 246;,3,Other,ethanol; acetic acid
32,None,2,ethanol,None,hydrogenchloride,None,Heating,1.0,https://www.reaxys.com/reaxys/secured/hopinto.do?context=R&query=RX.ID=720073&database=RX&origin=ReaxysOutput&ln=,"Article; Minsky,A.; Cohen,Y.; Rabinovitz,M.; Journal of the American Chemical Society; vol. 107; (1985); p. 1501;",3,Other,hydrogenchloride
33,None,0.0763889,None,None,toluene-4-sulfonic acid,None,Irradiation,1.0,https://www.reaxys.com/reaxys/secured/hopinto.do?context=R&query=RX.ID=720073&database=RX&origin=ReaxysOutput&ln=,Article; Villemin; Martin; Synthetic Communications; vol. 25; 15; (1995); p. 2319 - 2326;,3,Other,toluene-4-sulfonic acid
34,None,None,methanol,None,None,None,Heating,1.0,https://www.reaxys.com/reaxys/secured/hopinto.do?context=R&query=RX.ID=720073&database=RX&origin=ReaxysOutput&ln=,"Article; Amashukeli, Xenia; Winkler, Jay R.; Gray, Harry B.; Gruhn, Nadine E.; Lichtenberger, Dennis L.; Journal of Physical Chemistry A; vol. 106; 33; (2002); p. 7593 - 7598;",3,Other,None
35,None,None,None,None,None,None,None,1.0,https://www.reaxys.com/reaxys/secured/hopinto.do?context=R&query=RX.ID=720073&database=RX&origin=ReaxysOutput&ln=,Article; Ivanov; Puzyk; Balashev; Russian Journal of General Chemistry; vol. 76; 6; (2006); p. 843 - 848;,3,Other,None
36,None,None,None,None,None,None,None,1.0,https://www.reaxys.com/reaxys/secured/hopinto.do?context=R&query=RX.ID=720073&database=RX&origin=ReaxysOutput&ln=,"Patent; AMBRX, INC.; WO2008/83346; (2008); A1;",3,Other,None
37,230,0.16666666666666666,water,Acetic acid 5%,None,92.0,None,1.0,None,None,3,Fabian,Acetic acid 5%
0,None,3.0,ethanol,None,None,93.0,Reflux,1.0,https://www.reaxys.com/reaxys/secured/hopinto.do?context=R&query=RX.ID=33545488&database=RX&origin=ReaxysOutput&ln=,"Article; Pardo, M. A.; Perez, J. M.; Del Valle, M. A.; Godoy, M. A.; Diaz, F. R.; Journal of the Chilean Chemical Society; vol. 59; 2; (2014); p. 2464 - 2467;",4,Other,None
1,None,1.5,ethanol,None,None,80.77,Reflux,1.0,https://www.reaxys.com/reaxys/secured/hopinto.do?context=R&query=RX.ID=33545488&database=RX&origin=ReaxysOutput&ln=,"Patent; ATILIM UNIVERSITESI; OZALP YAMAN, Seniz; (52 pag.)WO2017/116356; (2017); A1;",4,Other,None
2,230.0,0.16666666666666666,water,Acetic acid 5%,None,87.0,None,1.0,None,None,4,Fabian,Acetic acid 5%
0,20.0,0.75,methanol,None,ZnO-loaded mesoporous silica (KIT-6) (aged at 130 C and containing 10 wt% ZnO),88.0,None,1.0,https://www.reaxys.com/reaxys/secured/hopinto.do?context=R&query=RX.ID=44273893&database=RX&origin=ReaxysOutput&ln=,"Article; Hamid, Oveisi; Chari, M. Adharvana; Van Nguyen, Chi; Chen, Jeffrey E.; Alshehri, Saad M.; Yanmaz, Ekrem; Hossain, Shahriar A.; Yamauchi, Yusuke; Wu, Kevin C.-W.; Catalysis Communications; vol. 90; (2017); p. 111 - 115;",14,Other,ZnO-loaded mesoporous silica (KIT-6) (aged at 130 C and containing 10 wt% ZnO)
1,230.0,0.16666666666666666,water,Acetic acid 5%,None,94.0,None,1.0,None,None,14,Fabian,Acetic acid 5%
0,100,2.0,None,None,silica gel,97.0,Neat (no solvent),1.0,https://www.reaxys.com/reaxys/secured/hopinto.do?context=R&query=RX.ID=3436821&database=RX&origin=ReaxysOutput&ln=,"Article; Nandi, Ganesh Chandra; Samai, Subhasis; Kumar, Ram; Singh; Synthetic Communications; vol. 41; 3; (2011); p. 417 - 425;",8,Other,silica gel
1,20,0.166667,water,None,1-methyl-3-(3-trimethoxysilylpropyl)imidazolium hydrogen sulfate immobilized on cellulose,97.0,Green chemistry,1.0,https://www.reaxys.com/reaxys/secured/hopinto.do?context=R&query=RX.ID=3436821&database=RX&origin=ReaxysOutput&ln=,"Article; Moghaddam, Sevil Vaghefi; Valizadeh, Hassan; Journal of the Iranian Chemical Society; vol. 13; 8; (2016); p. 1517 - 1524;",8,Other,1-methyl-3-(3-trimethoxysilylpropyl)imidazolium hydrogen sulfate immobilized on cellulose
2,20,0.333333,ethanol,None,gallium(III) triflate,95.0,None,1.0,https://www.reaxys.com/reaxys/secured/hopinto.do?context=R&query=RX.ID=3436821&database=RX&origin=ReaxysOutput&ln=,"Article; Cai, Jing-Jing; Zou, Jian-Ping; Pan, Xiang-Qiang; Zhang, Wei; Tetrahedron Letters; vol. 49; 52; (2008); p. 7386 - 7390;",8,Other,gallium(III) triflate
3,20,0.333333,None,None,aluminum oxide,95.0,neat (no solvent),1.0,https://www.reaxys.com/reaxys/secured/hopinto.do?context=R&query=RX.ID=3436821&database=RX&origin=ReaxysOutput&ln=,"Article; Li, Jun; Jiang, Dan-Na; Chen, Jiu-Xi; Liu, Miao-Chang; Ding, Jin-Chang; Wu, Hua-Yue; Journal of Heterocyclic Chemistry; vol. 48; 2; (2011); p. 403 - 406;",8,Other,aluminum oxide
4,20,0.25,ethanol,None,H3PMo12O40 nanoparticles immobilized on imidazole functionalized core-shell Fe3O4-SiO2 nanoparticle,94.0,Green chemistry,1.0,https://www.reaxys.com/reaxys/secured/hopinto.do?context=R&query=RX.ID=3436821&database=RX&origin=ReaxysOutput&ln=,"Article; Javidi, Jaber; Esmaeilpour, Mohsen; Materials Research Bulletin; vol. 73; (2016); p. 409 - 422;",8,Other,H3PMo12O40 nanoparticles immobilized on imidazole functionalized core-shell Fe3O4-SiO2 nanoparticle
5,20,0.333333,ethanol,None,niobium pentachloride,93.0,None,1.0,https://www.reaxys.com/reaxys/secured/hopinto.do?context=R&query=RX.ID=3436821&database=RX&origin=ReaxysOutput&ln=,"Article; Hou, Jun-Tao; Liu, Yong-Hui; Zhang, Zhan-Hui; Journal of Heterocyclic Chemistry; vol. 47; 3; (2010); p. 703 - 706;",8,Other,niobium pentachloride
6,110,0.75,None,None,PEG-400,93.0,Neat (no solvent),1.0,https://www.reaxys.com/reaxys/secured/hopinto.do?context=R&query=RX.ID=3436821&database=RX&origin=ReaxysOutput&ln=,"Article; Zhang, Xia Zhong; Wang, Jin Xian; Sun, Yong Jun; Zhan, Hong Wen; Chinese Chemical Letters; vol. 21; 4; (2010); p. 395 - 398;",8,Other,PEG-400
7,90,0.13333299999999998,glycerol,None,None,93.0,Microwave irradiation; Green chemistry,1.0,https://www.reaxys.com/reaxys/secured/hopinto.do?context=R&query=RX.ID=3436821&database=RX&origin=ReaxysOutput&ln=,"Article; Zhou; Zhang; Sun; Wang; Wang; Bai; Russian Chemical Bulletin; vol. 62; 5; (2013); p. 1244 - 1247; Izv. Akad. Nauk, Ser. Khim.; vol. 5; (2013); p. 1244 - 1247;",8,Other,None
8,70,0.466667,water,None,amberlyst-15,92.0,None,1.0,https://www.reaxys.com/reaxys/secured/hopinto.do?context=R&query=RX.ID=3436821&database=RX&origin=ReaxysOutput&ln=,"Article; Liu, Ju-Yan; Liu, Jing; Wang, Jia-Di; Jiao, De-Quan; Liu, Hai-Wang; Synthetic Communications; vol. 40; 14; (2010); p. 2047 - 2056;",8,Other,amberlyst-15
9,120,0.08333330000000001,None,None,polyethylene glycol-400,92.0,Microwave irradiation,1.0,https://www.reaxys.com/reaxys/secured/hopinto.do?context=R&query=RX.ID=3436821&database=RX&origin=ReaxysOutput&ln=,"Article; Zhang, Xia-Zhong; Wang, Jin-Xian; Bai, Lin; Synthetic Communications; vol. 41; 14; (2011); p. 2053 - 2063;",8,Other,polyethylene glycol-400
10,25,1.5,"1,2-dichloro-ethane",None,titanium(IV) oxide,91.0,None,1.0,https://www.reaxys.com/reaxys/secured/hopinto.do?context=R&query=RX.ID=3436821&database=RX&origin=ReaxysOutput&ln=,"Article; Alinezhad, Heshmatollah; Tajbakhsh, Mahmood; Salehian, Fatemeh; Biparva, Pourya; Bulletin of the Korean Chemical Society; vol. 32; 10; (2011); p. 3720 - 3725;",8,Other,titanium(IV) oxide
11,20,6.5,ethanol,None,silica supported 12-tungstophosphoric acid nanoparticles,91.0,None,1.0,https://www.reaxys.com/reaxys/secured/hopinto.do?context=R&query=RX.ID=3436821&database=RX&origin=ReaxysOutput&ln=,"Article; Abdollahi-Alibeik, Mohammad; Heidari-Torkabad, Ezzat; Comptes Rendus Chimie; vol. 15; 6; (2012); p. 517 - 523;",8,Other,silica supported 12-tungstophosphoric acid nanoparticles
12,None,0.916667,ethanol,None,Polystyrene-Supported AlCl3,91.0,Reflux,1.0,https://www.reaxys.com/reaxys/secured/hopinto.do?context=R&query=RX.ID=3436821&database=RX&origin=ReaxysOutput&ln=,"Article; Rahmatpour, Ali; Heteroatom Chemistry; vol. 23; 5; (2012); p. 472 - 477;",8,Other,Polystyrene-Supported AlCl3
13,80,0.416667,neat (no solvent),None,"N,N,N?,N?-tetrabromobenzene-1,3-disulfonamide",90.0,None,1.0,https://www.reaxys.com/reaxys/secured/hopinto.do?context=R&query=RX.ID=3436821&database=RX&origin=ReaxysOutput&ln=,"Article; Ghorbani-Vaghei, Ramin; Hajinazari, Somaye; Journal of Chemical Sciences; vol. 125; 2; (2013); p. 353 - 358;",8,Other,"N,N,N?,N?-tetrabromobenzene-1,3-disulfonamide"
14,20,0.283333,ethanol; water,None,nitrilo-tris(methylenephosphonic acid),90.0,Green chemistry,1.0,https://www.reaxys.com/reaxys/secured/hopinto.do?context=R&query=RX.ID=3436821&database=RX&origin=ReaxysOutput&ln=,"Article; Fathi, Safoura; Sardarian, Ali Reza; Phosphorus, Sulfur and Silicon and the Related Elements; vol. 190; 9; (2015); p. 1471 - 1478;",8,Other,nitrilo-tris(methylenephosphonic acid)
15,20,5.0,water,None,"iron(II,III) oxide",88.0,None,1.0,https://www.reaxys.com/reaxys/secured/hopinto.do?context=R&query=RX.ID=3436821&database=RX&origin=ReaxysOutput&ln=,"Conference Paper; Lue, Hong-Yan; Yang, Shu-Hong; Deng, Jia; Zhang, Zhan-Hui; Australian Journal of Chemistry; vol. 63; 8; (2010); p. 1290 - 1296;",8,Other,"iron(II,III) oxide"
16,20,1.16667,dimethyl sulfoxide,iodine,None,85.0,None,1.0,https://www.reaxys.com/reaxys/secured/hopinto.do?context=R&query=RX.ID=3436821&database=RX&origin=ReaxysOutput&ln=,"Article; Bhosale, Rajesh S.; Sarda, Swapnil R.; Ardhapure, Suresh S.; Jadhav, Wamanrao N.; Bhusare, Sudhakar R.; Pawar, Rajendra P.; Tetrahedron Letters; vol. 46; 42; (2005); p. 7183 - 7186;",8,Other,iodine
17,None,None,None,None,iodine,85.0,None,1.0,https://www.reaxys.com/reaxys/secured/hopinto.do?context=R&query=RX.ID=3436821&database=RX&origin=ReaxysOutput&ln=,"Article; Mamedov, Vakhid A.; Zhukova, Nataliya A.; Syakaev, Victor V.; Gubaidullin, Aidar T.; Beschastnova, Tat'Yana N.; Adgamova, Dil'Bar I.; Samigullina, Aida I.; Latypov, Shamil K.; Tetrahedron; vol. 69; 4; (2013); p. 1403 - 1416;",8,Other,iodine
18,120,0.666667,None,None,None,84.0,Green chemistry,1.0,https://www.reaxys.com/reaxys/secured/hopinto.do?context=R&query=RX.ID=3436821&database=RX&origin=ReaxysOutput&ln=,"Article; Huang, Tie-Qiang; Qu, Wen-Yan; Ding, Jin-Chang; Liu, Miao-Chang; Wu, Hua-Yue; Chen, Jiu-Xi; Journal of Heterocyclic Chemistry; vol. 50; 2; (2013); p. 293 - 297;",8,Other,None
19,20,3.0,ethanol,None,solid phase supported zirconium(IV) complex,83.0,None,1.0,https://www.reaxys.com/reaxys/secured/hopinto.do?context=R&query=RX.ID=3436821&database=RX&origin=ReaxysOutput&ln=,"Article; Sharma; Sharma, Chetna; Catalysis Communications; vol. 12; 5; (2011); p. 327 - 331;",8,Other,solid phase supported zirconium(IV) complex
20,20,1.5,methanol,None,silica-supported bismuth(III) chloride,82.0,None,1.0,https://www.reaxys.com/reaxys/secured/hopinto.do?context=R&query=RX.ID=3436821&database=RX&origin=ReaxysOutput&ln=,"Article; Aghapoor, Kioumars; Mohsenzadeh, Farshid; Shakeri, Atena; Darabi, Hossein Reza; Ghassemzadeh, Mitra; Neumueller, Bernhard; Journal of Organometallic Chemistry; vol. 743; (2013); p. 170 - 178;",8,Other,silica-supported bismuth(III) chloride
21,45,0.333333,None,None,alkylsulfonate functionalized metal organic framework,82.0,Sonication,1.0,https://www.reaxys.com/reaxys/secured/hopinto.do?context=R&query=RX.ID=3436821&database=RX&origin=ReaxysOutput&ln=,"Article; Andriamitantsoa, Radoelizo S.; Wang, Jingjing; Dong, Wenjun; Gao, Hongyi; Wang, Ge; RSC Advances; vol. 6; 41; (2016); p. 35135 - 35143;",8,Other,alkylsulfonate functionalized metal organic framework
22,20,3.5,ethanol,None,Graphite,77.0,None,1.0,https://www.reaxys.com/reaxys/secured/hopinto.do?context=R&query=RX.ID=3436821&database=RX&origin=ReaxysOutput&ln=,"Article; Kadam, Hari K.; Khan, Salman; Kunkalkar, Rupesh A.; Tilve, Santosh G.; Tetrahedron Letters; vol. 54; 8; (2013); p. 1003 - 1007;",8,Other,Graphite
23,20,1.5,None,None,potassium fluoride on basic alumina,75.0,None,1.0,https://www.reaxys.com/reaxys/secured/hopinto.do?context=R&query=RX.ID=3436821&database=RX&origin=ReaxysOutput&ln=,"Article; Paul, Susmita; Basu, Basudeb; Tetrahedron Letters; vol. 52; 49; (2011); p. 6597 - 6602;",8,Other,potassium fluoride on basic alumina
24,None,None,None,None,None,70.0,"1.) 2 d, 2.) reflux, 1 h",1.0,https://www.reaxys.com/reaxys/secured/hopinto.do?context=R&query=RX.ID=3436821&database=RX&origin=ReaxysOutput&ln=,Article; Dobrodei; El'tsov; Russian Journal of General Chemistry; vol. 68; 4; (1998); p. 620 - 629;,8,Other,None
25,20,1.0,ethanol,None,polyvinylimidazole-based Bronsted acidic ionic liquid grafted silica,60.0,None,1.0,https://www.reaxys.com/reaxys/secured/hopinto.do?context=R&query=RX.ID=3436821&database=RX&origin=ReaxysOutput&ln=,"Article; Tamami, Bahman; Sardarian, Alireza; Ataollahi, Elaheh; Turkish Journal of Chemistry; vol. 40; 3; (2016); p. 422 - 433;",8,Other,polyvinylimidazole-based Bronsted acidic ionic liquid grafted silica
26,None,4.0,None,None,acetic acid,None,Ambient temperature,1.0,https://www.reaxys.com/reaxys/secured/hopinto.do?context=R&query=RX.ID=3436821&database=RX&origin=ReaxysOutput&ln=,"Article; Rao, P Shanthan; Venkataratnam, R V; Indian Journal of Chemistry, Section B: Organic Chemistry Including Medicinal Chemistry; vol. 31; 11; (1992); p. 733 - 735;",8,Other,acetic acid
27,230,0.16666666666666666,water,Acetic acid 5%,None,80.0,None,1.0,None,None,8,Fabian,Acetic acid 5%
0,160,0.25,None,None,None,100.0,None,1.0,https://www.reaxys.com/reaxys/secured/hopinto.do?context=R&query=RX.ID=734427&database=RX&origin=ReaxysOutput&ln=,"Article; Kaupp, Gerd; Naimi-Jamal, M. Reza; European Journal of Organic Chemistry; 8; (2002); p. 1368 - 1373;",9,Other,None
1,20,0.0833333,acetic acid,H6P2W18O62,None,98.0,None,1.0,https://www.reaxys.com/reaxys/secured/hopinto.do?context=R&query=RX.ID=734427&database=RX&origin=ReaxysOutput&ln=,"Article; Heravi, Majid M.; Bakhtiari, Khadijeh; Bamoharram, Fatemeh F.; Tehrani, Maryam H.; Monatshefte fur Chemie; vol. 138; 5; (2007); p. 465 - 467;",9,Other,H6P2W18O62
2,120,0.0583333,None,None,None,98.0,Microwave irradiation,1.0,https://www.reaxys.com/reaxys/secured/hopinto.do?context=R&query=RX.ID=734427&database=RX&origin=ReaxysOutput&ln=,"Article; Zhou, Jian-Feng; Gong, Gui-Xia; Zhi, San-Jun; Duan, Xiu-Li; Synthetic Communications; vol. 39; 20; (2009); p. 3743 - 3754;",9,Other,None
3,20,4,methanol,None,zirconium(IV) chloride,98.0,None,1.0,https://www.reaxys.com/reaxys/secured/hopinto.do?context=R&query=RX.ID=734427&database=RX&origin=ReaxysOutput&ln=,"Article; Aghapoor, Kioumars; Darabi, Hossein Reza; Mohsenzadeh, Farshid; Balavar, Yadollah; Daneshyar, Hesam; Transition Metal Chemistry; vol. 35; 1; (2010); p. 49 - 53;",9,Other,zirconium(IV) chloride
4,None,3,water,None,zirconium oxide salicylaldehyde-(3-aminopropyl)trimethoxysilane imine complex modified SBA-15,98.0,Reflux,1.0,https://www.reaxys.com/reaxys/secured/hopinto.do?context=R&query=RX.ID=734427&database=RX&origin=ReaxysOutput&ln=,"Article; Malakooti, Reihaneh; Bardajee, Ghasem Rezanejade; Mahmoudi, Hesamaldin; Kakavand, Nahale; Catalysis Letters; vol. 143; 8; (2013); p. 853 - 861;",9,Other,zirconium oxide salicylaldehyde-(3-aminopropyl)trimethoxysilane imine complex modified SBA-15
5,100,2,None,None,silica gel,97.0,Neat (no solvent),1.0,https://www.reaxys.com/reaxys/secured/hopinto.do?context=R&query=RX.ID=734427&database=RX&origin=ReaxysOutput&ln=,"Article; Nandi, Ganesh Chandra; Samai, Subhasis; Kumar, Ram; Singh; Synthetic Communications; vol. 41; 3; (2011); p. 417 - 425;",9,Other,silica gel
6,None,None,None,None,None,96.0,Heating,1.0,https://www.reaxys.com/reaxys/secured/hopinto.do?context=R&query=RX.ID=734427&database=RX&origin=ReaxysOutput&ln=,"Article; Hui, Xu; Desrivot, Julie; Bories, Christian; Loiseau, Philippe M.; Franck, Xavier; Hocquemiller, Reynald; Figadere, Bruno; Bioorganic and Medicinal Chemistry Letters; vol. 16; 4; (2006); p. 815 - 820;",9,Other,None
7,20,0.25,None,None,1-butylimidazolium tetrafluoroborate,96.0,None,1.0,https://www.reaxys.com/reaxys/secured/hopinto.do?context=R&query=RX.ID=734427&database=RX&origin=ReaxysOutput&ln=,"Article; Potewar, Taterao M.; Ingale, Sachin A.; Srinivasan, Kumar V.; Synthetic Communications; vol. 38; 21; (2008); p. 3601 - 3612;",9,Other,1-butylimidazolium tetrafluoroborate
8,25,1.83333,ethanol,None,ziconium(IV) oxychloride octahydrate,96.0,None,1.0,https://www.reaxys.com/reaxys/secured/hopinto.do?context=R&query=RX.ID=734427&database=RX&origin=ReaxysOutput&ln=,"Article; Jafarpour, Maasoumeh; Rezaeifard, Abdolreza; Heidari, Mahdieh; Letters in Organic Chemistry; vol. 8; 3; (2011); p. 202 - 209;",9,Other,ziconium(IV) oxychloride octahydrate
9,20,0.15,ethanol,None,polyaniline/SiO2,96.0,None,1.0,https://www.reaxys.com/reaxys/secured/hopinto.do?context=R&query=RX.ID=734427&database=RX&origin=ReaxysOutput&ln=,"Article; Yelwande, Ajeet A.; Navgire, Madhukar E.; Arbad, Balasaheb R.; Lande, MacHhindra K.; Journal of the Chinese Chemical Society; vol. 59; 8; (2012); p. 995 - 1000;",9,Other,polyaniline/SiO2
10,20,4,methanol,None,saccharin,96.0,None,1.0,https://www.reaxys.com/reaxys/secured/hopinto.do?context=R&query=RX.ID=734427&database=RX&origin=ReaxysOutput&ln=,"Article; Lassagne, Frederic; Chevallier, Floris; Mongin, Florence; Synthetic Communications; vol. 44; 1; (2014); p. 141 - 149;",9,Other,saccharin
11,20,1.5,ethanol,None,C20H24Cl2N2O2Zr,96.0,Green chemistry,1.0,https://www.reaxys.com/reaxys/secured/hopinto.do?context=R&query=RX.ID=734427&database=RX&origin=ReaxysOutput&ln=,"Article; Jafarpour, Maasoumeh; Rezaeifard, Abdolreza; Haddad, Reza; Gazkar, Somayeh; Transition Metal Chemistry; vol. 38; 1; (2013); p. 31 - 36;",9,Other,C20H24Cl2N2O2Zr
12,20,1.5,water,None,hydrogen fluoride,96.0,None,1.0,https://www.reaxys.com/reaxys/secured/hopinto.do?context=R&query=RX.ID=734427&database=RX&origin=ReaxysOutput&ln=,Article; Chandra Shekhar; Ravi Kumar; Sathaiah; Raju; Srinivas; Shanthan Rao; Narsaiah; Journal of Heterocyclic Chemistry; vol. 51; 5; (2015); p. 1504 - 1508;,9,Other,hydrogen fluoride
13, 60, 1,ethanol; ethanol,None,ZrOL2(at)SMNP,96.0,None,1.0,https://www.reaxys.com/reaxys/secured/hopinto.do?context=R&query=RX.ID=734427&database=RX&origin=ReaxysOutput&ln=,"Article; Jafarpour, Maasoumeh; Rezaeifard, Abdolreza; Transition Metal Chemistry; vol. 41; 2; (2016); p. 205 - 211;",9,Other,ZrOL2(at)SMNP
14,110,0.833333,None,None,PEG-400,95.0,Neat (no solvent),1.0,https://www.reaxys.com/reaxys/secured/hopinto.do?context=R&query=RX.ID=734427&database=RX&origin=ReaxysOutput&ln=,"Article; Zhang, Xia Zhong; Wang, Jin Xian; Sun, Yong Jun; Zhan, Hong Wen; Chinese Chemical Letters; vol. 21; 4; (2010); p. 395 - 398;",9,Other,PEG-400
15,20,0.166667,None,None,titanium(IV) oxide,95.0,None,1.0,https://www.reaxys.com/reaxys/secured/hopinto.do?context=R&query=RX.ID=734427&database=RX&origin=ReaxysOutput&ln=,"Article; Mirjalili, Bi Bi Fatemeh; Akbari, Ali; Chinese Chemical Letters; vol. 22; 6; (2011); p. 753 - 756;",9,Other,titanium(IV) oxide
16,20,0.166667,water,None,1-(propyl-3-sulfonate) 3-methylimidazol(3H)-1-ium phosphotungstate,95.0,None,1.0,https://www.reaxys.com/reaxys/secured/hopinto.do?context=R&query=RX.ID=734427&database=RX&origin=ReaxysOutput&ln=,"Article; Vahdat, Seyed Mohammad; Baghery, Saeed; Combinatorial Chemistry and High Throughput Screening; vol. 16; 8; (2013); p. 618 - 627;",9,Other,1-(propyl-3-sulfonate) 3-methylimidazol(3H)-1-ium phosphotungstate
17,20,5,ethyl acetate,None,"2,4,6-tripropyl-1,3,5,2,4,6-trioxatriphosphinane-2,4,6-trioxide",95.0,None,1.0,https://www.reaxys.com/reaxys/secured/hopinto.do?context=R&query=RX.ID=734427&database=RX&origin=ReaxysOutput&ln=,"Article; Harsha, Kachigere B.; Rangappa, Kanchugarkoppal S.; RSC Advances; vol. 6; 62; (2016); p. 57154 - 57162;",9,Other,"2,4,6-tripropyl-1,3,5,2,4,6-trioxatriphosphinane-2,4,6-trioxide"
18,20,0.25,None,None,sulfonated rice husk ash,95.0,Green chemistry,1.0,https://www.reaxys.com/reaxys/secured/hopinto.do?context=R&query=RX.ID=734427&database=RX&origin=ReaxysOutput&ln=,"Article; Shamsi-Sani, Mahnaz; Shirini, Farhad; Abedini, Masoumeh; Seddighi, Mohadeseh; Research on Chemical Intermediates; vol. 42; 2; (2016); p. 1091 - 1099;",9,Other,sulfonated rice husk ash
19,None,None,ethanol,None,None,94.0,Reflux,1.0,https://www.reaxys.com/reaxys/secured/hopinto.do?context=R&query=RX.ID=734427&database=RX&origin=ReaxysOutput&ln=,"Article; Chen, Qianyi; Bryant, Vashti C.; Lopez, Hernando; Kelly, David L.; Luo, Xu; Natarajan, Amarnath; Bioorganic and Medicinal Chemistry Letters; vol. 21; 7; (2011); p. 1929 - 1932;",9,Other,None
20,120,0.0833333,None,None,polyethylene glycol-400,94.0,Microwave irradiation,1.0,https://www.reaxys.com/reaxys/secured/hopinto.do?context=R&query=RX.ID=734427&database=RX&origin=ReaxysOutput&ln=,"Article; Zhang, Xia-Zhong; Wang, Jin-Xian; Bai, Lin; Synthetic Communications; vol. 41; 14; (2011); p. 2053 - 2063;",9,Other,polyethylene glycol-400
21,20,1,methanol,None,silica-supported stannous chloride,94.0,None,1.0,https://www.reaxys.com/reaxys/secured/hopinto.do?context=R&query=RX.ID=734427&database=RX&origin=ReaxysOutput&ln=,"Article; Darabi, Hossein Reza; Aghapoor, Kioumars; Mohsenzadeh, Farshid; Jalali, Mohammad Reza; Talebian, Shiva; Ebadi-Nia, Leila; Khatamifar, Ehsan; Aghaee, Ali; Bulletin of the Korean Chemical Society; vol. 32; 1; (2011); p. 213 - 218;",9,Other,silica-supported stannous chloride
22,20,1,methanol,None,silica-supported bismuth(III) chloride,94.0,None,1.0,https://www.reaxys.com/reaxys/secured/hopinto.do?context=R&query=RX.ID=734427&database=RX&origin=ReaxysOutput&ln=,"Article; Aghapoor, Kioumars; Mohsenzadeh, Farshid; Shakeri, Atena; Darabi, Hossein Reza; Ghassemzadeh, Mitra; Neumueller, Bernhard; Journal of Organometallic Chemistry; vol. 743; (2013); p. 170 - 178;",9,Other,silica-supported bismuth(III) chloride
23,20,0.333333,ethanol; water,None,zirconium triflate,94.0,Green chemistry,1.0,https://www.reaxys.com/reaxys/secured/hopinto.do?context=R&query=RX.ID=734427&database=RX&origin=ReaxysOutput&ln=,"Article; Kolvari, Eskandar; Zolfigol, Mohammad Ali; Koukabi, Nadiya; Gilandust, Maryam; Kordi, Abdol-Vahid; Journal of the Iranian Chemical Society; vol. 10; 6; (2013); p. 1183 - 1191;",9,Other,zirconium triflate
24,90,0.0833333,glycerol,None,None,94.0,Microwave irradiation; Green chemistry,1.0,https://www.reaxys.com/reaxys/secured/hopinto.do?context=R&query=RX.ID=734427&database=RX&origin=ReaxysOutput&ln=,"Article; Zhou; Zhang; Sun; Wang; Wang; Bai; Russian Chemical Bulletin; vol. 62; 5; (2013); p. 1244 - 1247; Izv. Akad. Nauk, Ser. Khim.; vol. 5; (2013); p. 1244 - 1247;",9,Other,None
25,None,0.166667,acetonitrile,None,Fe/Al-MCM-41,93.0,Reflux,1.0,https://www.reaxys.com/reaxys/secured/hopinto.do?context=R&query=RX.ID=734427&database=RX&origin=ReaxysOutput&ln=,"Article; Heravi, Majid M.; Hosseini, Mariam; Oskooie, Hossein A.; Baghernejad, Bita; Journal of the Korean Chemical Society; vol. 55; 2; (2011); p. 235 - 239;",9,Other,Fe/Al-MCM-41
26,25,1,methanol,None,vitamin B1,93.0,Sonication,1.0,https://www.reaxys.com/reaxys/secured/hopinto.do?context=R&query=RX.ID=734427&database=RX&origin=ReaxysOutput&ln=,"Article; Aghapoor, Kioumars; Mohsenzadeh, Farshid; Talebian, Shiva; Tehrani, Mohammad Jafar; Balavar, Yadollah; Khanalizadeh, Golriz; Darabi, Hossein Reza; Monatshefte fur Chemie; vol. 142; 6; (2011); p. 619 - 624;",9,Other,vitamin B1
27,20,5,ethanol,None,silica supported 12-tungstophosphoric acid nanoparticles,93.0,None,1.0,https://www.reaxys.com/reaxys/secured/hopinto.do?context=R&query=RX.ID=734427&database=RX&origin=ReaxysOutput&ln=,"Article; Abdollahi-Alibeik, Mohammad; Heidari-Torkabad, Ezzat; Comptes Rendus Chimie; vol. 15; 6; (2012); p. 517 - 523;",9,Other,silica supported 12-tungstophosphoric acid nanoparticles
28,20,0.3,ethanol,None,H3PMo12O40 nanoparticles immobilized on imidazole functionalized core-shell Fe3O4-SiO2 nanoparticle,93.0,Green chemistry,1.0,https://www.reaxys.com/reaxys/secured/hopinto.do?context=R&query=RX.ID=734427&database=RX&origin=ReaxysOutput&ln=,"Article; Javidi, Jaber; Esmaeilpour, Mohsen; Materials Research Bulletin; vol. 73; (2016); p. 409 - 422;",9,Other,H3PMo12O40 nanoparticles immobilized on imidazole functionalized core-shell Fe3O4-SiO2 nanoparticle
29,20,0.5,ethanol,None,potassium hydrogensulfate,92.0,None,1.0,https://www.reaxys.com/reaxys/secured/hopinto.do?context=R&query=RX.ID=734427&database=RX&origin=ReaxysOutput&ln=,"Article; Oskooie, Hossein A.; Heravi, Majid M.; Bakhtiari, Khadijeh; Taheri, Shima; Monatshefte fur Chemie; vol. 138; 9; (2007); p. 875 - 877;",9,Other,potassium hydrogensulfate
30,20,0.283333,ethanol,None,manganese(ll) chloride,92.0,None,1.0,https://www.reaxys.com/reaxys/secured/hopinto.do?context=R&query=RX.ID=734427&database=RX&origin=ReaxysOutput&ln=,"Article; Heravi, Majid M.; Bakhtiari, Khadijeh; Oskooie, Hossein A.; Taheri, Shima; Heteroatom Chemistry; vol. 19; 2; (2008); p. 218 - 220;",9,Other,manganese(ll) chloride
31,50,0.0375,ethanol; water,None,iodine,92.0,Microwave irradiation,1.0,https://www.reaxys.com/reaxys/secured/hopinto.do?context=R&query=RX.ID=734427&database=RX&origin=ReaxysOutput&ln=,"Article; Bandyopadhyay, Debasish; Mukherjee, Sanghamitra; Rodriguez, Robert R.; Banik, Bimal K.; Molecules; vol. 15; 6; (2010); p. 4207 - 4212;",9,Other,iodine
32,20,0.3,ethanol,None,ZnO-beta-zeolite,92.0,None,1.0,https://www.reaxys.com/reaxys/secured/hopinto.do?context=R&query=RX.ID=734427&database=RX&origin=ReaxysOutput&ln=,"Article; Katkar, Santosh S.; Mohite, Pravinkumar H.; Gadekar, Lakshman S.; Arbad, Balasaheb R.; Lande, Machhindra K.; Central European Journal of Chemistry; vol. 8; 2; (2010); p. 320 - 325;",9,Other,ZnO-beta-zeolite
33,None,0.0666667,chloroform,None,nano-BF3*SiO2,92.0,Sonication,1.0,https://www.reaxys.com/reaxys/secured/hopinto.do?context=R&query=RX.ID=734427&database=RX&origin=ReaxysOutput&ln=,Article; Mirjalili; Bamoniri; Akbari; Chemistry of Heterocyclic Compounds; vol. 47; 4; (2011); p. 487 - 491;,9,Other,nano-BF3*SiO2
34,78,1.5,ethanol,None,nanoparticle-supported cobalt catalyst; air,92.0,Reflux; Green chemistry,1.0,https://www.reaxys.com/reaxys/secured/hopinto.do?context=R&query=RX.ID=734427&database=RX&origin=ReaxysOutput&ln=,"Article; Rajabi, Fatemeh; Alves, Diego; Luque, Rafael; Molecules; vol. 20; 11; (2015); p. 20709 - 20718;",9,Other,nanoparticle-supported cobalt catalyst; air
35,20,3,methanol,None,VO(furan-2-carbaldehyde nicotinic hydrazone)(OCH3),92.0,None,1.0,https://www.reaxys.com/reaxys/secured/hopinto.do?context=R&query=RX.ID=734427&database=RX&origin=ReaxysOutput&ln=,"Article; Pandey, Manju; Sunaja Devi; Sreeja; Asian Journal of Chemistry; vol. 27; 11; (2015); p. 4135 - 4137;",9,Other,VO(furan-2-carbaldehyde nicotinic hydrazone)(OCH3)
36,20,0.833333,water,None,1-methyl-3-(4-sulfobutyl)-1H-imidazol-3-ium hydrogensulfate,91.0,None,1.0,https://www.reaxys.com/reaxys/secured/hopinto.do?context=R&query=RX.ID=734427&database=RX&origin=ReaxysOutput&ln=,"Article; Beheshtiha, Yahya S.; Heravi, Majid M.; Saeedi, Mina; Karimi, Narges; Zakeri, Masumeh; Tavakoli-Hossieni, Niloofar; Synthetic Communications; vol. 40; 8; (2010); p. 1216 - 1223;",9,Other,1-methyl-3-(4-sulfobutyl)-1H-imidazol-3-ium hydrogensulfate
37,70,0.9,water,None,amberlyst-15,91.0,None,1.0,https://www.reaxys.com/reaxys/secured/hopinto.do?context=R&query=RX.ID=734427&database=RX&origin=ReaxysOutput&ln=,"Article; Liu, Ju-Yan; Liu, Jing; Wang, Jia-Di; Jiao, De-Quan; Liu, Hai-Wang; Synthetic Communications; vol. 40; 14; (2010); p. 2047 - 2056;",9,Other,amberlyst-15
38,50,0.75,water; acetonitrile,None,rice husk,91.0,Green chemistry,1.0,https://www.reaxys.com/reaxys/secured/hopinto.do?context=R&query=RX.ID=734427&database=RX&origin=ReaxysOutput&ln=,"Article; Shirini, Farhad; Akbari-Dadamahaleh, Somayeh; Mohammad-Khah, Ali; Aliakbar, Ali-Reza; Comptes Rendus Chimie; vol. 16; 3; (2013); p. 207 - 216;",9,Other,rice husk
39,20,0.25,neat (no solvent),None,None,91.0,Green chemistry,1.0,https://www.reaxys.com/reaxys/secured/hopinto.do?context=R&query=RX.ID=734427&database=RX&origin=ReaxysOutput&ln=,"Article; Bamoniri, Abdolhamid; Mirjalili, Bibi Fatemeh; Karbasizadeh, Hassan; Journal of the Chilean Chemical Society; vol. 60; 1; (2015); p. 2851 - 2856;",9,Other,None
40,20,6,ethanol,None,gallium(III) triflate,90.0,None,1.0,https://www.reaxys.com/reaxys/secured/hopinto.do?context=R&query=RX.ID=734427&database=RX&origin=ReaxysOutput&ln=,"Article; Cai, Jing-Jing; Zou, Jian-Ping; Pan, Xiang-Qiang; Zhang, Wei; Tetrahedron Letters; vol. 49; 52; (2008); p. 7386 - 7390;",9,Other,gallium(III) triflate
41,20,0.416667,None,None,1-butyl-3-methylimidazolium Tetrafluoroborate,90.1,Neat (no solvent),1.0,https://www.reaxys.com/reaxys/secured/hopinto.do?context=R&query=RX.ID=734427&database=RX&origin=ReaxysOutput&ln=,"Article; Li, Chao; Guo, Tao; Zhou, Xin; Wang, Chun; Ma, Jing-Jun; Hao, Hong-Jing; Bulletin of the Chemical Society of Ethiopia; vol. 25; 3; (2011); p. 455 - 460;",9,Other,1-butyl-3-methylimidazolium Tetrafluoroborate
42,None,0.666667,ethanol,None,Polystyrene-Supported AlCl3,90.0,Reflux,1.0,https://www.reaxys.com/reaxys/secured/hopinto.do?context=R&query=RX.ID=734427&database=RX&origin=ReaxysOutput&ln=,"Article; Rahmatpour, Ali; Heteroatom Chemistry; vol. 23; 5; (2012); p. 472 - 477;",9,Other,Polystyrene-Supported AlCl3
43,None,0.75,acetonitrile,None,ammonium bromide,88.0,Reflux,1.0,https://www.reaxys.com/reaxys/secured/hopinto.do?context=R&query=RX.ID=734427&database=RX&origin=ReaxysOutput&ln=,"Article; Raju, B. China; Theja, N. Dharma; Kumar, J. Ashok; Synthetic Communications; vol. 39; 1; (2009); p. 175 - 188;",9,Other,ammonium bromide
44,20,1.61667,ethanol,None,lithium chloride,88.0,None,1.0,https://www.reaxys.com/reaxys/secured/hopinto.do?context=R&query=RX.ID=734427&database=RX&origin=ReaxysOutput&ln=,"Article; Karami, Bahador; Rooydel, Reza; Khodabakhshi, Saeed; Acta Chimica Slovenica; vol. 59; 1; (2012); p. 183 - 188;",9,Other,lithium chloride
45,20,5,water,None,Tween 40,88.0,Green chemistry,1.0,https://www.reaxys.com/reaxys/secured/hopinto.do?context=R&query=RX.ID=734427&database=RX&origin=ReaxysOutput&ln=,"Article; Kumar, Dinesh; Seth, Kapileswar; Kommi, Damodara N.; Bhagat, Srikant; Chakraborti, Asit K.; RSC Advances; vol. 3; 35; (2013); p. 15157 - 15168;",9,Other,Tween 40
46,100,0.5,neat (no solvent),None,mesoporous silica SBA-15 functionalized with Cu(II)-DiAmSar complex,88.0,None,1.0,https://www.reaxys.com/reaxys/secured/hopinto.do?context=R&query=RX.ID=734427&database=RX&origin=ReaxysOutput&ln=,"Article; Mohammadi, Marzieh; Bardajee, Ghasem Rezanejade; Pesyan, Nader Noroozi; Chinese Journal of Catalysis; vol. 36; 8; (2015); p. 1379 - 1386;",9,Other,mesoporous silica SBA-15 functionalized with Cu(II)-DiAmSar complex
47,80,0.333333,water,None,"1,4-diaza-bicyclo[2.2.2]octane; acetic acid",88.0,Green chemistry,1.0,https://www.reaxys.com/reaxys/secured/hopinto.do?context=R&query=RX.ID=734427&database=RX&origin=ReaxysOutput&ln=,Article; Mulik; Chandam; Patil; Patil; Mulik; Salunkhe; Deshmukh; Research on Chemical Intermediates; vol. 41; 12; (2015); p. 10085 - 10096;,9,Other,"1,4-diaza-bicyclo[2.2.2]octane; acetic acid"
48,20,0.416667,methanol,None,ZnO-loaded mesoporous silica (KIT-6) (aged at 130 °C and containing 10 wtpercent ZnO),88.0,None,1.0,https://www.reaxys.com/reaxys/secured/hopinto.do?context=R&query=RX.ID=734427&database=RX&origin=ReaxysOutput&ln=,"Article; Hamid, Oveisi; Chari, M. Adharvana; Van Nguyen, Chi; Chen, Jeffrey E.; Alshehri, Saad M.; Yanmaz, Ekrem; Hossain, Shahriar A.; Yamauchi, Yusuke; Wu, Kevin C.-W.; Catalysis Communications; vol. 90; (2017); p. 111 - 115;",9,Other,ZnO-loaded mesoporous silica (KIT-6) (aged at 130 °C and containing 10 wtpercent ZnO)
49,20,0.416667,None,None,aluminum oxide,87.0,neat (no solvent),1.0,https://www.reaxys.com/reaxys/secured/hopinto.do?context=R&query=RX.ID=734427&database=RX&origin=ReaxysOutput&ln=,"Article; Li, Jun; Jiang, Dan-Na; Chen, Jiu-Xi; Liu, Miao-Chang; Ding, Jin-Chang; Wu, Hua-Yue; Journal of Heterocyclic Chemistry; vol. 48; 2; (2011); p. 403 - 406;",9,Other,aluminum oxide
50,20,0.25,ethanol,None,Thiamine hydrochloride,87.0,None,1.0,https://www.reaxys.com/reaxys/secured/hopinto.do?context=R&query=RX.ID=734427&database=RX&origin=ReaxysOutput&ln=,"Article; Pawar, Omprakash B.; Chavan, Fulchand R.; Suryawanshi, Venkat S.; Shinde, Vishnu S.; Shinde, Narayan D.; Journal of Chemical Sciences; vol. 125; 1; (2013); p. 159 - 163;",9,Other,Thiamine hydrochloride
51,120,0.75,None,None,None,87.0,Green chemistry,1.0,https://www.reaxys.com/reaxys/secured/hopinto.do?context=R&query=RX.ID=734427&database=RX&origin=ReaxysOutput&ln=,"Article; Huang, Tie-Qiang; Qu, Wen-Yan; Ding, Jin-Chang; Liu, Miao-Chang; Wu, Hua-Yue; Chen, Jiu-Xi; Journal of Heterocyclic Chemistry; vol. 50; 2; (2013); p. 293 - 297;",9,Other,None
52,20,1.5,water,None,zirconium tetrakis(dodecyl sulfate),86.0,None,1.0,https://www.reaxys.com/reaxys/secured/hopinto.do?context=R&query=RX.ID=734427&database=RX&origin=ReaxysOutput&ln=,"Article; Hasaninejad, Alireza; Zare, Abdolkarim; Zolfigol, Mohammad Ali; Shekouhy, Mohsen; Synthetic Communications; vol. 39; 4; (2009); p. 569 - 579;",9,Other,zirconium tetrakis(dodecyl sulfate)
53,20,1.5,ethanol,None,citric acid,86.0,None,1.0,https://www.reaxys.com/reaxys/secured/hopinto.do?context=R&query=RX.ID=734427&database=RX&origin=ReaxysOutput&ln=,"Article; Mahesh, Radhakrishnan; Dhar, Arghya Kusum; Sasank T.v.n.v., Tara; Thirunavukkarasu, Sappanimuthu; Devadoss, Thangaraj; Chinese Chemical Letters; vol. 22; 4; (2011); p. 389 - 392;",9,Other,citric acid
54,20,8,ethanol,None,Graphite,86.0,None,1.0,https://www.reaxys.com/reaxys/secured/hopinto.do?context=R&query=RX.ID=734427&database=RX&origin=ReaxysOutput&ln=,"Article; Kadam, Hari K.; Khan, Salman; Kunkalkar, Rupesh A.; Tilve, Santosh G.; Tetrahedron Letters; vol. 54; 8; (2013); p. 1003 - 1007;",9,Other,Graphite
55,20,0.5,ethanol; water,None,nitrilo-tris(methylenephosphonic acid),86.0,Green chemistry,1.0,https://www.reaxys.com/reaxys/secured/hopinto.do?context=R&query=RX.ID=734427&database=RX&origin=ReaxysOutput&ln=,"Article; Fathi, Safoura; Sardarian, Ali Reza; Phosphorus, Sulfur and Silicon and the Related Elements; vol. 190; 9; (2015); p. 1471 - 1478;",9,Other,nitrilo-tris(methylenephosphonic acid)
56,85,5.5,acetonitrile,None,zinc trifluoromethanesulfonate,85.0,None,1.0,https://www.reaxys.com/reaxys/secured/hopinto.do?context=R&query=RX.ID=734427&database=RX&origin=ReaxysOutput&ln=,"Article; Subrahmanyam, C. Siva; Narayanan; Asian Journal of Chemistry; vol. 23; 3; (2011); p. 1331 - 1333;",9,Other,zinc trifluoromethanesulfonate
57,None,0.15,None,None,sulfate loaded TiO2,85.0,Microwave irradiation; Neat (no solvent),1.0,https://www.reaxys.com/reaxys/secured/hopinto.do?context=R&query=RX.ID=734427&database=RX&origin=ReaxysOutput&ln=,"Article; Krishnakumar, Balu; Swaminathan, Meenakshisundaram; Bulletin of the Chemical Society of Japan; vol. 84; 11; (2011); p. 1261 - 1266;",9,Other,sulfate loaded TiO2
58,20,0.416667,acetonitrile,None,niobium pentachloride,85.0,None,1.0,https://www.reaxys.com/reaxys/secured/hopinto.do?context=R&query=RX.ID=734427&database=RX&origin=ReaxysOutput&ln=,"Article; Kidwai, Mazaahir; Mishra, Neeraj Kumar; Bhatnagar, Divya; Jahan, Anwar; Asian Journal of Chemistry; vol. 23; 11; (2011); p. 5051 - 5054;",9,Other,niobium pentachloride
59,75,5.5,glycerol,None,cerium(III) chloride heptahydrate,84.0,None,1.0,https://www.reaxys.com/reaxys/secured/hopinto.do?context=R&query=RX.ID=734427&database=RX&origin=ReaxysOutput&ln=,Article; Venkat Narsaiah; Kranthi Kumar; Synthetic Communications; vol. 42; 6; (2012); p. 883 - 892;,9,Other,cerium(III) chloride heptahydrate
60,20,0.75,neat (no solvent),None,Bronsted acidic ionic liquid supported on nano silica,84.0,Green chemistry,1.0,https://www.reaxys.com/reaxys/secured/hopinto.do?context=R&query=RX.ID=734427&database=RX&origin=ReaxysOutput&ln=,"Article; Daragahi, Seyed Arash Hosseini; Mohebat, Razieh; Mosslemin, Mohammad Hossein; Organic Preparations and Procedures International; vol. 50; 3; (2018); p. 301 - 313;",9,Other,Bronsted acidic ionic liquid supported on nano silica
61,90,4,water; glycerol,None,None,83.0,None,1.0,https://www.reaxys.com/reaxys/secured/hopinto.do?context=R&query=RX.ID=734427&database=RX&origin=ReaxysOutput&ln=,"Article; Bachhav, Harshal M.; Bhagat, Saket B.; Telvekar, Vikas N.; Tetrahedron Letters; vol. 52; 43; (2011); p. 5697 - 5701;",9,Other,None
62,20,8,chloroform,None,lanthanum(lll) triflate,82.0,None,1.0,https://www.reaxys.com/reaxys/secured/hopinto.do?context=R&query=RX.ID=734427&database=RX&origin=ReaxysOutput&ln=,"Article; Raju, B. China; Ramachandra; Indian Journal of Chemistry - Section B Organic and Medicinal Chemistry; vol. 51; 5; (2012); p. 756 - 759;",9,Other,lanthanum(lll) triflate
63,20,6,water,None,"iron(II,III) oxide",80.0,None,1.0,https://www.reaxys.com/reaxys/secured/hopinto.do?context=R&query=RX.ID=734427&database=RX&origin=ReaxysOutput&ln=,"Conference Paper; Lue, Hong-Yan; Yang, Shu-Hong; Deng, Jia; Zhang, Zhan-Hui; Australian Journal of Chemistry; vol. 63; 8; (2010); p. 1290 - 1296;",9,Other,"iron(II,III) oxide"
64,None,0.166667,None,None,sulfated TiO2-P25 (Degussa titania),80.0,Microwave irradiation; Neat (no solvent),1.0,https://www.reaxys.com/reaxys/secured/hopinto.do?context=R&query=RX.ID=734427&database=RX&origin=ReaxysOutput&ln=,Article; Krishnakumar; Swaminathan; Journal of Molecular Catalysis A: Chemical; vol. 350; 1-2; (2011); p. 16 - 25;,9,Other,sulfated TiO2-P25 (Degussa titania)
65,25,1.5,"1,2-dichloro-ethane",None,titanium(IV) oxide,80.0,None,1.0,https://www.reaxys.com/reaxys/secured/hopinto.do?context=R&query=RX.ID=734427&database=RX&origin=ReaxysOutput&ln=,"Article; Alinezhad, Heshmatollah; Tajbakhsh, Mahmood; Salehian, Fatemeh; Biparva, Pourya; Bulletin of the Korean Chemical Society; vol. 32; 10; (2011); p. 3720 - 3725;",9,Other,titanium(IV) oxide
66,60,2,ethanol,None,molybdenum(VI) trioxide,80.0,Green chemistry,1.0,https://www.reaxys.com/reaxys/secured/hopinto.do?context=R&query=RX.ID=734427&database=RX&origin=ReaxysOutput&ln=,"Article; Jafarpour, Maasoumeh; Rezaeifard, Abdolreza; Ghahramaninezhad, Mahboube; Tabibi, Tooba; New Journal of Chemistry; vol. 37; 7; (2013); p. 2087 - 2095;",9,Other,molybdenum(VI) trioxide
67,130,0.5,None,None,None,78.0,Ionic liquid; Microwave irradiation,1.0,https://www.reaxys.com/reaxys/secured/hopinto.do?context=R&query=RX.ID=734427&database=RX&origin=ReaxysOutput&ln=,"Article; Zare, Abdolkarim; Hasaninejad, Alireza; Parhami, Abolfath; Moosavi-Zare, Ahmad Reza; Khedri, Fatemeh; Parsaee, Zahra; Abdolalipoor-Saretoli, Maasoomeh; Khedri, Maasoomeh; Roshankar, Mehrnoosh; Deisi, Hanafieh; Journal of the Serbian Chemical Society; vol. 75; 10; (2010); p. 1315 - 1324;",9,Other,None
68, 60, 4,ethanol; ethanol,None,zirconium dioxide,78.0,None,1.0,https://www.reaxys.com/reaxys/secured/hopinto.do?context=R&query=RX.ID=734427&database=RX&origin=ReaxysOutput&ln=,"Article; Jafarpour, Maasoumeh; Rezapour, Elham; Ghahramaninezhad, Mahboobe; Rezaeifard, Abdolreza; New Journal of Chemistry; vol. 38; 2; (2014); p. 676 - 682;",9,Other,zirconium dioxide
69,20,0.5,water,None,1-methyl-3-(3-trimethoxysilylpropyl)imidazolium hydrogen sulfate immobilized on cellulose,78.0,Green chemistry,1.0,https://www.reaxys.com/reaxys/secured/hopinto.do?context=R&query=RX.ID=734427&database=RX&origin=ReaxysOutput&ln=,"Article; Moghaddam, Sevil Vaghefi; Valizadeh, Hassan; Journal of the Iranian Chemical Society; vol. 13; 8; (2016); p. 1517 - 1524;",9,Other,1-methyl-3-(3-trimethoxysilylpropyl)imidazolium hydrogen sulfate immobilized on cellulose
70,20,1,ethanol,None,potassium hydrogensulfate,76.0,None,1.0,https://www.reaxys.com/reaxys/secured/hopinto.do?context=R&query=RX.ID=734427&database=RX&origin=ReaxysOutput&ln=,"Article; Niknam, Khodabakhsh; Zolfigol, Mohammad Ali; Tavakoli, Ziba; Heydari, Zahra; Journal of the Chinese Chemical Society; vol. 55; 6; (2008); p. 1373 - 1378;",9,Other,potassium hydrogensulfate
71,20,3,None,None,tungstate sulfuric acid,75.0,Neat (no solvent),1.0,https://www.reaxys.com/reaxys/secured/hopinto.do?context=R&query=RX.ID=734427&database=RX&origin=ReaxysOutput&ln=,"Article; Karami, Bahador; Khodabakhshi, Saeed; Nikrooz, Marzieh; Journal of the Chinese Chemical Society; vol. 59; 2; (2012); p. 187 - 192;",9,Other,tungstate sulfuric acid
72,80,0.416667,None,None,aluminum oxide,70.0,Neat (no solvent),1.0,https://www.reaxys.com/reaxys/secured/hopinto.do?context=R&query=RX.ID=734427&database=RX&origin=ReaxysOutput&ln=,"Article; Jafarpour, Maasoumeh; Rezaeifard, Abdolreza; Danehchin, Maryam; Applied Catalysis A: General; vol. 394; 1-2; (2011); p. 48 - 51;",9,Other,aluminum oxide
73,80,5,neat (no solvent),None,zirconia supported tungstophosphoric acid,65.0,Green chemistry,1.0,https://www.reaxys.com/reaxys/secured/hopinto.do?context=R&query=RX.ID=734427&database=RX&origin=ReaxysOutput&ln=,"Article; Sosa, Alexis A.; Rivera, Toa S.; Blanco, Mirta N.; Pizzio, Luis R.; Romanelli, Gustavo P.; Phosphorus, Sulfur and Silicon and the Related Elements; vol. 188; 8; (2013); p. 1071 - 1079;",9,Other,zirconia supported tungstophosphoric acid
74,None,1,ethanol; water,None,"cobalt(III) 5,10,15,20-tetraarylporphyrin",60.0,Reflux,1.0,https://www.reaxys.com/reaxys/secured/hopinto.do?context=R&query=RX.ID=734427&database=RX&origin=ReaxysOutput&ln=,"Article; Mohammadi, Khosro; Hasaninejad, Alireza; Niad, Mahmud; Najmi, Mojtaba; Journal of Porphyrins and Phthalocyanines; vol. 14; 12; (2010); p. 1052 - 1058;",9,Other,"cobalt(III) 5,10,15,20-tetraarylporphyrin"
75,20,2,ethanol,None,sulfated titania (TiO2-SO42-),25.0,None,1.0,https://www.reaxys.com/reaxys/secured/hopinto.do?context=R&query=RX.ID=734427&database=RX&origin=ReaxysOutput&ln=,Article; Krishnakumar; Velmurugan; Jothivel; Swaminathan; Catalysis Communications; vol. 11; 12; (2010); p. 997 - 1002;,9,Other,sulfated titania (TiO2-SO42-)
76,None,None,None,None,ethanol,None,None,1.0,https://www.reaxys.com/reaxys/secured/hopinto.do?context=R&query=RX.ID=734427&database=RX&origin=ReaxysOutput&ln=,Article; Hinsberg; Justus Liebigs Annalen der Chemie; vol. 292; (1896); p. 246;,9,Other,ethanol
77,None,None,None,None,None,None,None,1.0,https://www.reaxys.com/reaxys/secured/hopinto.do?context=R&query=RX.ID=734427&database=RX&origin=ReaxysOutput&ln=,Article; Hinsberg; Justus Liebigs Annalen der Chemie; vol. 292; (1896); p. 246;,9,Other,None
78,None,24,ethanol,None,None,None,Heating,1.0,https://www.reaxys.com/reaxys/secured/hopinto.do?context=R&query=RX.ID=734427&database=RX&origin=ReaxysOutput&ln=,"Article; Zhang, Li; Qiu, Beiying; Xiong, Bing; Li, Xin; Li, Jingya; Wang, Xin; Li, Jia; Shen, Jingkang; Bioorganic and Medicinal Chemistry Letters; vol. 17; 8; (2007); p. 2118 - 2122;",9,Other,None
79,None,None,ethanol,None,None,None,Reflux,1.0,https://www.reaxys.com/reaxys/secured/hopinto.do?context=R&query=RX.ID=734427&database=RX&origin=ReaxysOutput&ln=,"Article; Rajule, Rajkumar; Bryant, Vashti C.; Lopez, Hernando; Luo, Xu; Natarajan, Amarnath; Bioorganic and Medicinal Chemistry; vol. 20; 7; (2012); p. 2227 - 2234;",9,Other,None
80,None,1,None,None,None,None,None,1.0,https://www.reaxys.com/reaxys/secured/hopinto.do?context=R&query=RX.ID=734427&database=RX&origin=ReaxysOutput&ln=,"Article; Lian, Mi; Li, Qi; Zhu, Yanping; Yin, Guodong; Wu, Anxin; Tetrahedron; vol. 68; 47; (2012); p. 9598 - 9605;",9,Other,None
81,20,2,water,None,hydrogen fluoride,None,None,1.0,https://www.reaxys.com/reaxys/secured/hopinto.do?context=R&query=RX.ID=734427&database=RX&origin=ReaxysOutput&ln=,"Article; Chandra Shekhar; Shanthan Rao; Narsaiah; Allanki, Aparna Devi; Sijwali, Puran Singh; European Journal of Medicinal Chemistry; vol. 77; (2014); p. 280 - 287;",9,Other,hydrogen fluoride
82,20,12,dimethyl sulfoxide,None,iodine,None,None,1.0,https://www.reaxys.com/reaxys/secured/hopinto.do?context=R&query=RX.ID=734427&database=RX&origin=ReaxysOutput&ln=,"Article; Xie, Caixia; Zhang, Zeyuan; Yang, Bingchuan; Song, Gaolei; Gao, He; Wen, Leilin; Ma, Chen; Tetrahedron; vol. 71; 12; (2015); p. 1831 - 1837;",9,Other,iodine
83,20,None,water,None,hydrogen fluoride,None,None,1.0,https://www.reaxys.com/reaxys/secured/hopinto.do?context=R&query=RX.ID=734427&database=RX&origin=ReaxysOutput&ln=,"Article; Chandra Shekhar, Adimulam; Venkat Lingaiah, Boddupally Pedda; Shanthan Rao, Pamulaparthy; Narsaiah, Banda; Aparna Devi, Allanki; Sijwali, Puran Singh; Letters in Drug Design and Discovery; vol. 12; 5; (2015); p. 393 - 407;",9,Other,hydrogen fluoride
84,100,1,dimethyl sulfoxide,None,toluene-4-sulfonic acid,None,None,1.0,https://www.reaxys.com/reaxys/secured/hopinto.do?context=R&query=RX.ID=734427&database=RX&origin=ReaxysOutput&ln=,"Article; Zhang, Zeyuan; Xie, Caixia; Feng, Lei; Ma, Chen; Synthetic Communications; vol. 46; 18; (2016); p. 1507 - 1518;",9,Other,toluene-4-sulfonic acid
85,230,0.16666666666666666,water,Acetic acid 5%,None,80.0,None,1.0,None,None,9,Fabian,Acetic acid 5%
0,20,0.166667,ethanol,None,gallium(III) triflate,100.0,None,1.0,https://www.reaxys.com/reaxys/secured/hopinto.do?context=R&query=RX.ID=548985&database=RX&origin=ReaxysOutput&ln=,"Article; Cai, Jing-Jing; Zou, Jian-Ping; Pan, Xiang-Qiang; Zhang, Wei; Tetrahedron Letters; vol. 49; 52; (2008); p. 7386 - 7390;",5,Other,gallium(III) triflate
1,20,0.00416667,ethyl acetate,None,silica supported 12-tungstophosphoric acid nanoparticles,99.0,None,1.0,https://www.reaxys.com/reaxys/secured/hopinto.do?context=R&query=RX.ID=548985&database=RX&origin=ReaxysOutput&ln=,"Article; Abdollahi-Alibeik, Mohammad; Heidari-Torkabad, Ezzat; Comptes Rendus Chimie; vol. 15; 6; (2012); p. 517 - 523;",5,Other,silica supported 12-tungstophosphoric acid nanoparticles
2,120,0.666667,None,None,None,99.0,Green chemistry,1.0,https://www.reaxys.com/reaxys/secured/hopinto.do?context=R&query=RX.ID=548985&database=RX&origin=ReaxysOutput&ln=,"Article; Huang, Tie-Qiang; Qu, Wen-Yan; Ding, Jin-Chang; Liu, Miao-Chang; Wu, Hua-Yue; Chen, Jiu-Xi; Journal of Heterocyclic Chemistry; vol. 50; 2; (2013); p. 293 - 297;",5,Other,None
3,80,0.25,neat (no solvent),None,Cs(cetyltrimethylammonium)2PW12O40,99.0,Green chemistry,1.0,https://www.reaxys.com/reaxys/secured/hopinto.do?context=R&query=RX.ID=548985&database=RX&origin=ReaxysOutput&ln=,"Article; Masteri-Farahani, Majid; Ghorbani, Melika; Ezabadi, Ali; Farrokhinia, Niki; Ghaemmaghami, Atekeh-Sadat; Comptes Rendus Chimie; vol. 17; 11; (2014); p. 1136 - 1143;",5,Other,Cs(cetyltrimethylammonium)2PW12O40
4,120,0.05,None,None,None,98.0,Microwave irradiation,1.0,https://www.reaxys.com/reaxys/secured/hopinto.do?context=R&query=RX.ID=548985&database=RX&origin=ReaxysOutput&ln=,"Article; Zhou, Jian-Feng; Gong, Gui-Xia; Zhi, San-Jun; Duan, Xiu-Li; Synthetic Communications; vol. 39; 20; (2009); p. 3743 - 3754;",5,Other,None
5,70,0.283333,water,None,amberlyst-15,98.0,None,1.0,https://www.reaxys.com/reaxys/secured/hopinto.do?context=R&query=RX.ID=548985&database=RX&origin=ReaxysOutput&ln=,"Article; Liu, Ju-Yan; Liu, Jing; Wang, Jia-Di; Jiao, De-Quan; Liu, Hai-Wang; Synthetic Communications; vol. 40; 14; (2010); p. 2047 - 2056;",5,Other,amberlyst-15
6,20,0.166667,None,None,aluminum oxide,98.0,neat (no solvent),1.0,https://www.reaxys.com/reaxys/secured/hopinto.do?context=R&query=RX.ID=548985&database=RX&origin=ReaxysOutput&ln=,"Article; Li, Jun; Jiang, Dan-Na; Chen, Jiu-Xi; Liu, Miao-Chang; Ding, Jin-Chang; Wu, Hua-Yue; Journal of Heterocyclic Chemistry; vol. 48; 2; (2011); p. 403 - 406;",5,Other,aluminum oxide
7,80,0.416667,None,None,aluminum oxide,97.0,Neat (no solvent),1.0,https://www.reaxys.com/reaxys/secured/hopinto.do?context=R&query=RX.ID=548985&database=RX&origin=ReaxysOutput&ln=,"Article; Jafarpour, Maasoumeh; Rezaeifard, Abdolreza; Danehchin, Maryam; Applied Catalysis A: General; vol. 394; 1-2; (2011); p. 48 - 51;",5,Other,aluminum oxide
8,20,0.0833333,water,None,poly(ethylene glycol)-600,97.0,None,1.0,https://www.reaxys.com/reaxys/secured/hopinto.do?context=R&query=RX.ID=548985&database=RX&origin=ReaxysOutput&ln=,"Article; Chavan, Hemant V.; Adsul, Laxman K.; Bandgar, Babasaheb P.; Journal of Chemical Sciences; vol. 123; 4; (2011); p. 477 - 483;",5,Other,poly(ethylene glycol)-600
9,60,0.166667,ethanol,None,molybdenum(VI) trioxide,97.0,Green chemistry,1.0,https://www.reaxys.com/reaxys/secured/hopinto.do?context=R&query=RX.ID=548985&database=RX&origin=ReaxysOutput&ln=,"Article; Jafarpour, Maasoumeh; Rezaeifard, Abdolreza; Ghahramaninezhad, Mahboube; Tabibi, Tooba; New Journal of Chemistry; vol. 37; 7; (2013); p. 2087 - 2095;",5,Other,molybdenum(VI) trioxide
10,20,0.0833333,ethanol,None,C20H24Cl2N2O2Zr,97.0,Green chemistry,1.0,https://www.reaxys.com/reaxys/secured/hopinto.do?context=R&query=RX.ID=548985&database=RX&origin=ReaxysOutput&ln=,"Article; Jafarpour, Maasoumeh; Rezaeifard, Abdolreza; Haddad, Reza; Gazkar, Somayeh; Transition Metal Chemistry; vol. 38; 1; (2013); p. 31 - 36;",5,Other,C20H24Cl2N2O2Zr
11,25,0.0833333,acetonitrile,iodine,None,95.0,None,1.0,https://www.reaxys.com/reaxys/secured/hopinto.do?context=R&query=RX.ID=548985&database=RX&origin=ReaxysOutput&ln=,"Article; More, Shivaji V.; Sastry; Wang, Chieh-Chieh; Yao, Ching-Fa; Tetrahedron Letters; vol. 46; 37; (2005); p. 6345 - 6348;",5,Other,iodine
12,20,None,water,indium (III) chloride,None,95.0,None,1.0,https://www.reaxys.com/reaxys/secured/hopinto.do?context=R&query=RX.ID=548985&database=RX&origin=ReaxysOutput&ln=,"Article; Hazarika, Parasa; Gogoi, Pranjal; Konwar, Dilip; Synthetic Communications; vol. 37; 19; (2007); p. 3447 - 3454;",5,Other,indium (III) chloride
13,20,0.116667,water,None,bismuth(lll) trifluoromethanesulfonate,95.0,None,1.0,https://www.reaxys.com/reaxys/secured/hopinto.do?context=R&query=RX.ID=548985&database=RX&origin=ReaxysOutput&ln=,"Article; Yadav, Jhillu S.; Subba Reddy, Basi V.; Premalatha, Kokku; Shankar, Kattela Shiva; Synthesis; 23; (2008); p. 3787 - 3792;",5,Other,bismuth(lll) trifluoromethanesulfonate
14,20,2,water,None,"iron(II,III) oxide",95.0,None,1.0,https://www.reaxys.com/reaxys/secured/hopinto.do?context=R&query=RX.ID=548985&database=RX&origin=ReaxysOutput&ln=,"Conference Paper; Lue, Hong-Yan; Yang, Shu-Hong; Deng, Jia; Zhang, Zhan-Hui; Australian Journal of Chemistry; vol. 63; 8; (2010); p. 1290 - 1296;",5,Other,"iron(II,III) oxide"
15,20,1,None,None,"1,1,1,3',3',3'-hexafluoro-propanol",95.0,None,1.0,https://www.reaxys.com/reaxys/secured/hopinto.do?context=R&query=RX.ID=548985&database=RX&origin=ReaxysOutput&ln=,"Article; Khaksar, Samad; Rostamnezhad, Fariba; Bulletin of the Korean Chemical Society; vol. 33; 8; (2012); p. 2581 - 2584;",5,Other,"1,1,1,3',3',3'-hexafluoro-propanol"
16,20,1,water,None,"(2,3,4,5,6-pentafluorophenyl)ammonium triflate",95.0,Green chemistry,1.0,https://www.reaxys.com/reaxys/secured/hopinto.do?context=R&query=RX.ID=548985&database=RX&origin=ReaxysOutput&ln=,"Article; Khaksar, Samad; Radpeyma, Hanieh; Comptes Rendus Chimie; vol. 17; 10; (2014); p. 1023 - 1027;",5,Other,"(2,3,4,5,6-pentafluorophenyl)ammonium triflate"
17,20,0.166667,ethanol,None,H3PMo12O40 nanoparticles immobilized on imidazole functionalized core-shell Fe3O4-SiO2 nanoparticle,95.0,Green chemistry,1.0,https://www.reaxys.com/reaxys/secured/hopinto.do?context=R&query=RX.ID=548985&database=RX&origin=ReaxysOutput&ln=,"Article; Javidi, Jaber; Esmaeilpour, Mohsen; Materials Research Bulletin; vol. 73; (2016); p. 409 - 422;",5,Other,H3PMo12O40 nanoparticles immobilized on imidazole functionalized core-shell Fe3O4-SiO2 nanoparticle
18,20,1,water,None,PVPP*OTf,95.0,None,1.0,https://www.reaxys.com/reaxys/secured/hopinto.do?context=R&query=RX.ID=548985&database=RX&origin=ReaxysOutput&ln=,"Article; Khaksar, Samad; Tajbakhsh, Mahmoud; Gholami, Milad; Rostamnezhad, Fariba; Chinese Chemical Letters; vol. 25; 9; (2014); p. 1287 - 1290;",5,Other,PVPP*OTf
19,20,1,methanol,None,ZnO-loaded mesoporous silica (KIT-6) (aged at 130 °C and containing 10 wtpercent ZnO),95.0,None,1.0,https://www.reaxys.com/reaxys/secured/hopinto.do?context=R&query=RX.ID=548985&database=RX&origin=ReaxysOutput&ln=,"Article; Hamid, Oveisi; Chari, M. Adharvana; Van Nguyen, Chi; Chen, Jeffrey E.; Alshehri, Saad M.; Yanmaz, Ekrem; Hossain, Shahriar A.; Yamauchi, Yusuke; Wu, Kevin C.-W.; Catalysis Communications; vol. 90; (2017); p. 111 - 115;",5,Other,ZnO-loaded mesoporous silica (KIT-6) (aged at 130 °C and containing 10 wtpercent ZnO)
20,20,0.0333333,ethanol,None,niobium pentachloride,94.0,None,1.0,https://www.reaxys.com/reaxys/secured/hopinto.do?context=R&query=RX.ID=548985&database=RX&origin=ReaxysOutput&ln=,"Article; Hou, Jun-Tao; Liu, Yong-Hui; Zhang, Zhan-Hui; Journal of Heterocyclic Chemistry; vol. 47; 3; (2010); p. 703 - 706;",5,Other,niobium pentachloride
21,20,0.166667,None,None,1-butyl-3-methylimidazolium Tetrafluoroborate,94.0,Neat (no solvent),1.0,https://www.reaxys.com/reaxys/secured/hopinto.do?context=R&query=RX.ID=548985&database=RX&origin=ReaxysOutput&ln=,"Article; Li, Chao; Guo, Tao; Zhou, Xin; Wang, Chun; Ma, Jing-Jun; Hao, Hong-Jing; Bulletin of the Chemical Society of Ethiopia; vol. 25; 3; (2011); p. 455 - 460;",5,Other,1-butyl-3-methylimidazolium Tetrafluoroborate
22, 60, 0.2,ethanol; ethanol,None,zirconium dioxide,94.0,None,1.0,https://www.reaxys.com/reaxys/secured/hopinto.do?context=R&query=RX.ID=548985&database=RX&origin=ReaxysOutput&ln=,"Article; Jafarpour, Maasoumeh; Rezapour, Elham; Ghahramaninezhad, Mahboobe; Rezaeifard, Abdolreza; New Journal of Chemistry; vol. 38; 2; (2014); p. 676 - 682;",5,Other,zirconium dioxide
23,25,0.333333,"1,2-dichloro-ethane",None,titanium(IV) oxide,93.0,None,1.0,https://www.reaxys.com/reaxys/secured/hopinto.do?context=R&query=RX.ID=548985&database=RX&origin=ReaxysOutput&ln=,"Article; Alinezhad, Heshmatollah; Tajbakhsh, Mahmood; Salehian, Fatemeh; Biparva, Pourya; Bulletin of the Korean Chemical Society; vol. 32; 10; (2011); p. 3720 - 3725;",5,Other,titanium(IV) oxide
24,20,0.333333,water,None,Tween 40,91.0,Green chemistry,1.0,https://www.reaxys.com/reaxys/secured/hopinto.do?context=R&query=RX.ID=548985&database=RX&origin=ReaxysOutput&ln=,"Article; Kumar, Dinesh; Seth, Kapileswar; Kommi, Damodara N.; Bhagat, Srikant; Chakraborti, Asit K.; RSC Advances; vol. 3; 35; (2013); p. 15157 - 15168;",5,Other,Tween 40
25,20,0.75,dimethyl sulfoxide,iodine,None,90.0,None,1.0,https://www.reaxys.com/reaxys/secured/hopinto.do?context=R&query=RX.ID=548985&database=RX&origin=ReaxysOutput&ln=,"Article; Bhosale, Rajesh S.; Sarda, Swapnil R.; Ardhapure, Suresh S.; Jadhav, Wamanrao N.; Bhusare, Sudhakar R.; Pawar, Rajendra P.; Tetrahedron Letters; vol. 46; 42; (2005); p. 7183 - 7186;",5,Other,iodine
26,25,0.0666667,methanol,None,toluene-4-sulfonic acid,90.0,None,1.0,https://www.reaxys.com/reaxys/secured/hopinto.do?context=R&query=RX.ID=548985&database=RX&origin=ReaxysOutput&ln=,"Article; Shi, Da-Qing; Dou, Guo-Lan; Synthetic Communications; vol. 38; 19; (2008); p. 3329 - 3337;",5,Other,toluene-4-sulfonic acid
27,90,5,water; glycerol,None,None,90.0,None,1.0,https://www.reaxys.com/reaxys/secured/hopinto.do?context=R&query=RX.ID=548985&database=RX&origin=ReaxysOutput&ln=,"Article; Bachhav, Harshal M.; Bhagat, Saket B.; Telvekar, Vikas N.; Tetrahedron Letters; vol. 52; 43; (2011); p. 5697 - 5701;",5,Other,None
28,20,None,ethanol; water,None,phenol,90.0,None,1.0,https://www.reaxys.com/reaxys/secured/hopinto.do?context=R&query=RX.ID=548985&database=RX&origin=ReaxysOutput&ln=,"Article; Hirapara, Pradipbhai; Riemer, Daniel; Hazra, Nabanita; Gajera, Jignesh; Finger, Markus; Das, Shoubhik; Green Chemistry; vol. 19; 22; (2017); p. 5356 - 5360;",5,Other,phenol
29,20,1,water,None,aminosulfonic acid,89.0,None,1.0,https://www.reaxys.com/reaxys/secured/hopinto.do?context=R&query=RX.ID=548985&database=RX&origin=ReaxysOutput&ln=,"Article; Li, Zhenjiang; Li, Weisi; Ren, Xinghua; Sun, Yingjie; Shi, Yuhu; Ouyang, Pingkai; Heterocyclic Communications; vol. 13; 2-3; (2007); p. 125 - 130;",5,Other,aminosulfonic acid
30,20,2,dichloromethane,None,aminosulfonic acid,89.0,None,1.0,https://www.reaxys.com/reaxys/secured/hopinto.do?context=R&query=RX.ID=548985&database=RX&origin=ReaxysOutput&ln=,"Article; Li, Zhenjiang; Li, Weisi; Sun, Yingjie; Huang, He; Ouyang, Pingkai; Journal of Heterocyclic Chemistry; vol. 45; 1; (2008); p. 285 - 288;",5,Other,aminosulfonic acid
31,20,0.583333,water,None,zirconium tetrakis(dodecyl sulfate),89.0,None,1.0,https://www.reaxys.com/reaxys/secured/hopinto.do?context=R&query=RX.ID=548985&database=RX&origin=ReaxysOutput&ln=,"Article; Hasaninejad, Alireza; Zare, Abdolkarim; Zolfigol, Mohammad Ali; Shekouhy, Mohsen; Synthetic Communications; vol. 39; 4; (2009); p. 569 - 579;",5,Other,zirconium tetrakis(dodecyl sulfate)
32,20,None,ethanol; water,None,phenol,88.0,None,1.0,https://www.reaxys.com/reaxys/secured/hopinto.do?context=R&query=RX.ID=548985&database=RX&origin=ReaxysOutput&ln=,"Article; Saranya, Jagadeesan; Sowmiya, Murugaiyan; Sounthari, Palanisamy; Parameswari, Kandhasamy; Chitra, Subramanian; Senthilkumar, Kittusamy; Journal of Molecular Liquids; vol. 216; (2016); p. 42 - 52;",5,Other,phenol
33,20,3,ethanol,None,Graphite,86.0,None,1.0,https://www.reaxys.com/reaxys/secured/hopinto.do?context=R&query=RX.ID=548985&database=RX&origin=ReaxysOutput&ln=,"Article; Kadam, Hari K.; Khan, Salman; Kunkalkar, Rupesh A.; Tilve, Santosh G.; Tetrahedron Letters; vol. 54; 8; (2013); p. 1003 - 1007;",5,Other,Graphite
34,20,2.5,ethanol; water,None,manganese(II) ferrite; oxygen,83.0,Green chemistry,1.0,https://www.reaxys.com/reaxys/secured/hopinto.do?context=R&query=RX.ID=548985&database=RX&origin=ReaxysOutput&ln=,"Article; Brahmachari, Goutam; Laskar, Sujay; Barik, Puspendu; RSC Advances; vol. 3; 34; (2013); p. 14245 - 14253;",5,Other,manganese(II) ferrite; oxygen
35,80,0.583333,water,None,"1,4-diaza-bicyclo[2.2.2]octane; acetic acid",80.0,Green chemistry,1.0,https://www.reaxys.com/reaxys/secured/hopinto.do?context=R&query=RX.ID=548985&database=RX&origin=ReaxysOutput&ln=,Article; Mulik; Chandam; Patil; Patil; Mulik; Salunkhe; Deshmukh; Research on Chemical Intermediates; vol. 41; 12; (2015); p. 10085 - 10096;,5,Other,"1,4-diaza-bicyclo[2.2.2]octane; acetic acid"
36,None,None,ethanol,None,None,42.0,Heating,1.0,https://www.reaxys.com/reaxys/secured/hopinto.do?context=R&query=RX.ID=548985&database=RX&origin=ReaxysOutput&ln=,"Article; Gazit, Aviv; App, Harald; McMahon, Gerald; Chen, Jefferey; Levitzki, Alexander; Bohmer, Frank D.; Journal of Medicinal Chemistry; vol. 39; 11; (1996); p. 2170 - 2177;",5,Other,None
37,None,None,None,None,ethanol; chloroform,None,None,1.0,https://www.reaxys.com/reaxys/secured/hopinto.do?context=R&query=RX.ID=548985&database=RX&origin=ReaxysOutput&ln=,"Article; Mamalis; Petrow; Journal of the Chemical Society; (1950); p. 703,705;",5,Other,ethanol; chloroform
38,None,None,None,None,ethanol; acetic acid,None,None,1.0,https://www.reaxys.com/reaxys/secured/hopinto.do?context=R&query=RX.ID=548985&database=RX&origin=ReaxysOutput&ln=,Article; Bost; Towell; Journal of the American Chemical Society; vol. 70; (1948); p. 903;,5,Other,ethanol; acetic acid
39,None,24,ethanol,None,None,None,Reflux,1.0,https://www.reaxys.com/reaxys/secured/hopinto.do?context=R&query=RX.ID=548985&database=RX&origin=ReaxysOutput&ln=,"Article; You, Lei; Cho, Eun Jeong; Leavitt, John; Ma, Li-Chung; Montelione, Gaetano T.; Anslyn, Eric V.; Krug, Robert M.; Ellington, Andrew; Robertus, Jon D.; Bioorganic and Medicinal Chemistry Letters; vol. 21; 10; (2011); p. 3007 - 3011;",5,Other,None
40,20,1.5,"ethyl acetate; N,N-dimethyl-formamide",None,None,None,None,1.0,https://www.reaxys.com/reaxys/secured/hopinto.do?context=R&query=RX.ID=548985&database=RX&origin=ReaxysOutput&ln=,"Article; Lin, Yang; Lei, Xiaoli; Yang, Qin; Yuan, Jiangjun; Ding, Qiuping; Xu, Jingshi; Peng, Yiyuan; Synthesis (Germany); vol. 44; 17; (2012); p. 2699 - 2706;",5,Other,None
41,20,12,dimethyl sulfoxide,None,iodine,None,None,1.0,https://www.reaxys.com/reaxys/secured/hopinto.do?context=R&query=RX.ID=548985&database=RX&origin=ReaxysOutput&ln=,"Article; Xie, Caixia; Zhang, Zeyuan; Yang, Bingchuan; Song, Gaolei; Gao, He; Wen, Leilin; Ma, Chen; Tetrahedron; vol. 71; 12; (2015); p. 1831 - 1837;",5,Other,iodine
42,60,3,neat (no solvent),None,graphene oxide,None,Sealed tube; Green chemistry,1.0,https://www.reaxys.com/reaxys/secured/hopinto.do?context=R&query=RX.ID=548985&database=RX&origin=ReaxysOutput&ln=,"Article; Roy, Babli; Ghosh, Sujit; Ghosh, Pranab; Basu, Basudeb; Tetrahedron Letters; vol. 56; 48; (2015); p. 6762 - 6767;",5,Other,graphene oxide
43,100,1,dimethyl sulfoxide,None,toluene-4-sulfonic acid,None,None,1.0,https://www.reaxys.com/reaxys/secured/hopinto.do?context=R&query=RX.ID=548985&database=RX&origin=ReaxysOutput&ln=,"Article; Zhang, Zeyuan; Xie, Caixia; Feng, Lei; Ma, Chen; Synthetic Communications; vol. 46; 18; (2016); p. 1507 - 1518;",5,Other,toluene-4-sulfonic acid
44,230,0.16666666666666666,water,Acetic acid 5%,None,84.0,None,1.0,None,None,5,Fabian,Acetic acid 5%
